particle,elasticity,weight,frame,x,y,z
1,0.98913,-190.83585,1,-0.40767,0.38823,0.22955
1,0.98913,-190.83585,2,-0.40275,0.377,0.08028
1,0.98913,-190.83585,3,-0.33834,0.31485,0.22311
1,0.98913,-190.83585,4,-0.27443,0.2532,0.35079
1,0.98913,-190.83585,5,-0.21101,0.192,0.46349
1,0.98913,-190.83585,6,-0.14803,0.13123,0.56139
1,0.98913,-190.83585,7,-0.08546,0.07086,0.64462
1,0.98913,-190.83585,8,-0.02327,0.01086,0.71332
1,0.98913,-190.83585,9,0.03855,-0.04878,0.7676
1,0.98913,-190.83585,10,0.10004,-0.10812,0.80755
1,0.98913,-190.83585,11,0.16122,-0.16714,0.83327
1,0.98913,-190.83585,12,0.22209,-0.22587,0.84483
1,0.98913,-190.83585,13,0.28267,-0.28432,0.84229
1,0.98913,-190.83585,14,0.34295,-0.34248,0.82574
1,0.98913,-190.83585,15,0.40293,-0.40035,0.79524
1,0.98913,-190.83585,16,0.4078,-0.40984,0.76526
1,0.98913,-190.83585,17,0.38261,-0.40523,0.72902
1,0.98913,-190.83585,18,0.35751,-0.40064,0.67887
1,0.98913,-190.83585,19,0.33252,-0.39608,0.61489
1,0.98913,-190.83585,20,0.30763,-0.39153,0.53715
1,0.98913,-190.83585,21,0.28287,-0.387,0.44578
1,0.98913,-190.83585,22,0.25824,-0.3825,0.34088
1,0.98913,-190.83585,23,0.23376,-0.37803,0.22258
1,0.98913,-190.83585,24,0.20944,-0.37358,0.09105
2,0.95866,-193.83134,1,-0.40767,0.38823,0.22955
2,0.95866,-193.83134,2,-0.40337,0.37913,0.07858
2,0.95866,-193.83134,3,-0.33968,0.3187,0.21777
2,0.95866,-193.83134,4,-0.27649,0.25874,0.34186
2,0.95866,-193.83134,5,-0.21376,0.19923,0.45102
2,0.95866,-193.83134,6,-0.15146,0.14011,0.54542
2,0.95866,-193.83134,7,-0.08956,0.08138,0.62519
2,0.95866,-193.83134,8,-0.02803,0.023,0.69045
2,0.95866,-193.83134,9,0.03315,-0.03505,0.74132
2,0.95866,-193.83134,10,0.09401,-0.09279,0.7779
2,0.95866,-193.83134,11,0.15456,-0.15025,0.80025
2,0.95866,-193.83134,12,0.21482,-0.20742,0.80846
2,0.95866,-193.83134,13,0.27479,-0.26432,0.80261
2,0.95866,-193.83134,14,0.33447,-0.32095,0.78274
2,0.95866,-193.83134,15,0.39385,-0.37729,0.74895
2,0.95866,-193.83134,16,0.41825,-0.42538,0.70462
2,0.95866,-193.83134,17,0.39993,-0.41337,0.66297
2,0.95866,-193.83134,18,0.38167,-0.4014,0.60743
2,0.95866,-193.83134,19,0.3635,-0.38948,0.53809
2,0.95866,-193.83134,20,0.3454,-0.37762,0.45503
2,0.95866,-193.83134,21,0.3274,-0.36582,0.35837
2,0.95866,-193.83134,22,0.30951,-0.35408,0.24823
2,0.95866,-193.83134,23,0.29172,-0.34242,0.12476
2,0.95866,-193.83134,24,0.29906,-0.32714,0.08916
3,0.98942,-161.59578,1,-0.40767,0.38823,0.22955
3,0.98942,-161.59578,2,-0.40275,0.37698,0.0803
3,0.98942,-161.59578,3,-0.33832,0.31481,0.22316
3,0.98942,-161.59578,4,-0.27442,0.25314,0.35087
3,0.98942,-161.59578,5,-0.21098,0.19193,0.46361
3,0.98942,-161.59578,6,-0.148,0.13115,0.56154
3,0.98942,-161.59578,7,-0.08542,0.07076,0.64481
3,0.98942,-161.59578,8,-0.02323,0.01075,0.71354
3,0.98942,-161.59578,9,0.0386,-0.04891,0.76785
3,0.98942,-161.59578,10,0.1001,-0.10826,0.80783
3,0.98942,-161.59578,11,0.16128,-0.1673,0.83358
3,0.98942,-161.59578,12,0.22216,-0.22605,0.84517
3,0.98942,-161.59578,13,0.28274,-0.28451,0.84267
3,0.98942,-161.59578,14,0.34303,-0.34269,0.82615
3,0.98942,-161.59578,15,0.40301,-0.40058,0.79569
3,0.98942,-161.59578,16,0.42147,-0.39508,0.77194
3,0.98942,-161.59578,17,0.40023,-0.37786,0.74404
3,0.98942,-161.59578,18,0.37677,-0.36036,0.70266
3,0.98942,-161.59578,19,0.3534,-0.34293,0.64739
3,0.98942,-161.59578,20,0.33012,-0.32557,0.57832
3,0.98942,-161.59578,21,0.30696,-0.30829,0.49555
3,0.98942,-161.59578,22,0.28392,-0.29111,0.39918
3,0.98942,-161.59578,23,0.26101,-0.27402,0.28933
3,0.98942,-161.59578,24,0.23824,-0.25704,0.16616
4,0.98942,-161.59578,1,-0.40767,0.38823,0.22955
4,0.98942,-161.59578,2,-0.40275,0.37698,0.0803
4,0.98942,-161.59578,3,-0.33832,0.31481,0.22316
4,0.98942,-161.59578,4,-0.27442,0.25314,0.35087
4,0.98942,-161.59578,5,-0.21098,0.19193,0.46361
4,0.98942,-161.59578,6,-0.148,0.13115,0.56154
4,0.98942,-161.59578,7,-0.08542,0.07076,0.64481
4,0.98942,-161.59578,8,-0.02323,0.01075,0.71354
4,0.98942,-161.59578,9,0.0386,-0.04891,0.76785
4,0.98942,-161.59578,10,0.1001,-0.10826,0.80783
4,0.98942,-161.59578,11,0.16128,-0.1673,0.83358
4,0.98942,-161.59578,12,0.22216,-0.22605,0.84517
4,0.98942,-161.59578,13,0.28274,-0.28451,0.84267
4,0.98942,-161.59578,14,0.34303,-0.34269,0.82615
4,0.98942,-161.59578,15,0.40301,-0.40058,0.79569
4,0.98942,-161.59578,16,0.42147,-0.39508,0.77194
4,0.98942,-161.59578,17,0.40023,-0.37786,0.74404
4,0.98942,-161.59578,18,0.37677,-0.36036,0.70266
4,0.98942,-161.59578,19,0.3534,-0.34293,0.64739
4,0.98942,-161.59578,20,0.33012,-0.32557,0.57832
4,0.98942,-161.59578,21,0.30696,-0.30829,0.49555
4,0.98942,-161.59578,22,0.28392,-0.29111,0.39918
4,0.98942,-161.59578,23,0.26101,-0.27402,0.28933
4,0.98942,-161.59578,24,0.23824,-0.25704,0.16616
5,0.98942,-161.59578,1,-0.40767,0.38823,0.22955
5,0.98942,-161.59578,2,-0.40275,0.37698,0.0803
5,0.98942,-161.59578,3,-0.33832,0.31481,0.22316
5,0.98942,-161.59578,4,-0.27442,0.25314,0.35087
5,0.98942,-161.59578,5,-0.21098,0.19193,0.46361
5,0.98942,-161.59578,6,-0.148,0.13115,0.56154
5,0.98942,-161.59578,7,-0.08542,0.07076,0.64481
5,0.98942,-161.59578,8,-0.02323,0.01075,0.71354
5,0.98942,-161.59578,9,0.0386,-0.04891,0.76785
5,0.98942,-161.59578,10,0.1001,-0.10826,0.80783
5,0.98942,-161.59578,11,0.16128,-0.1673,0.83358
5,0.98942,-161.59578,12,0.22216,-0.22605,0.84517
5,0.98942,-161.59578,13,0.28274,-0.28451,0.84267
5,0.98942,-161.59578,14,0.34303,-0.34269,0.82615
5,0.98942,-161.59578,15,0.40301,-0.40058,0.79569
5,0.98942,-161.59578,16,0.42147,-0.39508,0.77194
5,0.98942,-161.59578,17,0.40023,-0.37786,0.74404
5,0.98942,-161.59578,18,0.37677,-0.36036,0.70266
5,0.98942,-161.59578,19,0.3534,-0.34293,0.64739
5,0.98942,-161.59578,20,0.33012,-0.32557,0.57832
5,0.98942,-161.59578,21,0.30696,-0.30829,0.49555
5,0.98942,-161.59578,22,0.28392,-0.29111,0.39918
5,0.98942,-161.59578,23,0.26101,-0.27402,0.28933
5,0.98942,-161.59578,24,0.23824,-0.25704,0.16616
6,0.98942,-161.59578,1,-0.40767,0.38823,0.22955
6,0.98942,-161.59578,2,-0.40275,0.37698,0.0803
6,0.98942,-161.59578,3,-0.33832,0.31481,0.22316
6,0.98942,-161.59578,4,-0.27442,0.25314,0.35087
6,0.98942,-161.59578,5,-0.21098,0.19193,0.46361
6,0.98942,-161.59578,6,-0.148,0.13115,0.56154
6,0.98942,-161.59578,7,-0.08542,0.07076,0.64481
6,0.98942,-161.59578,8,-0.02323,0.01075,0.71354
6,0.98942,-161.59578,9,0.0386,-0.04891,0.76785
6,0.98942,-161.59578,10,0.1001,-0.10826,0.80783
6,0.98942,-161.59578,11,0.16128,-0.1673,0.83358
6,0.98942,-161.59578,12,0.22216,-0.22605,0.84517
6,0.98942,-161.59578,13,0.28274,-0.28451,0.84267
6,0.98942,-161.59578,14,0.34303,-0.34269,0.82615
6,0.98942,-161.59578,15,0.40301,-0.40058,0.79569
6,0.98942,-161.59578,16,0.42147,-0.39508,0.77194
6,0.98942,-161.59578,17,0.40023,-0.37786,0.74404
6,0.98942,-161.59578,18,0.37677,-0.36036,0.70266
6,0.98942,-161.59578,19,0.3534,-0.34293,0.64739
6,0.98942,-161.59578,20,0.33012,-0.32557,0.57832
6,0.98942,-161.59578,21,0.30696,-0.30829,0.49555
6,0.98942,-161.59578,22,0.28392,-0.29111,0.39918
6,0.98942,-161.59578,23,0.26101,-0.27402,0.28933
6,0.98942,-161.59578,24,0.23824,-0.25704,0.16616
7,0.98837,-190.54278,1,-0.40767,0.38823,0.22955
7,0.98837,-190.54278,2,-0.40277,0.37706,0.08024
7,0.98837,-190.54278,3,-0.33837,0.31495,0.22298
7,0.98837,-190.54278,4,-0.27449,0.25333,0.35057
7,0.98837,-190.54278,5,-0.21108,0.19218,0.46318
7,0.98837,-190.54278,6,-0.14811,0.13145,0.56099
7,0.98837,-190.54278,7,-0.08556,0.07112,0.64414
7,0.98837,-190.54278,8,-0.02339,0.01116,0.71276
7,0.98837,-190.54278,9,0.03841,-0.04844,0.76695
7,0.98837,-190.54278,10,0.09989,-0.10774,0.80682
7,0.98837,-190.54278,11,0.16106,-0.16672,0.83246
7,0.98837,-190.54278,12,0.22191,-0.22542,0.84393
7,0.98837,-190.54278,13,0.28247,-0.28383,0.84132
7,0.98837,-190.54278,14,0.34274,-0.34195,0.82469
7,0.98837,-190.54278,15,0.40271,-0.39978,0.7941
7,0.98837,-190.54278,16,0.40764,-0.40927,0.76398
7,0.98837,-190.54278,17,0.38247,-0.40467,0.7276
7,0.98837,-190.54278,18,0.35739,-0.40009,0.67731
7,0.98837,-190.54278,19,0.33241,-0.39553,0.61318
7,0.98837,-190.54278,20,0.30753,-0.39098,0.5353
7,0.98837,-190.54278,21,0.28279,-0.38646,0.44378
7,0.98837,-190.54278,22,0.25818,-0.38196,0.33875
7,0.98837,-190.54278,23,0.23372,-0.37749,0.22032
7,0.98837,-190.54278,24,0.20942,-0.37305,0.08864
8,0.98942,-161.59578,1,-0.40767,0.38823,0.22955
8,0.98942,-161.59578,2,-0.40275,0.37698,0.0803
8,0.98942,-161.59578,3,-0.33832,0.31481,0.22316
8,0.98942,-161.59578,4,-0.27442,0.25314,0.35087
8,0.98942,-161.59578,5,-0.21098,0.19193,0.46361
8,0.98942,-161.59578,6,-0.148,0.13115,0.56154
8,0.98942,-161.59578,7,-0.08542,0.07076,0.64481
8,0.98942,-161.59578,8,-0.02323,0.01075,0.71354
8,0.98942,-161.59578,9,0.0386,-0.04891,0.76785
8,0.98942,-161.59578,10,0.1001,-0.10826,0.80783
8,0.98942,-161.59578,11,0.16128,-0.1673,0.83358
8,0.98942,-161.59578,12,0.22216,-0.22605,0.84517
8,0.98942,-161.59578,13,0.28274,-0.28451,0.84267
8,0.98942,-161.59578,14,0.34303,-0.34269,0.82615
8,0.98942,-161.59578,15,0.40301,-0.40058,0.79569
8,0.98942,-161.59578,16,0.42147,-0.39508,0.77194
8,0.98942,-161.59578,17,0.40023,-0.37786,0.74404
8,0.98942,-161.59578,18,0.37677,-0.36036,0.70266
8,0.98942,-161.59578,19,0.3534,-0.34293,0.64739
8,0.98942,-161.59578,20,0.33012,-0.32557,0.57832
8,0.98942,-161.59578,21,0.30696,-0.30829,0.49555
8,0.98942,-161.59578,22,0.28392,-0.29111,0.39918
8,0.98942,-161.59578,23,0.26101,-0.27402,0.28933
8,0.98942,-161.59578,24,0.23824,-0.25704,0.16616
9,0.9961,-162.40258,1,-0.40767,0.38823,0.22955
9,0.9961,-162.40258,2,-0.40261,0.37652,0.08067
9,0.9961,-162.40258,3,-0.33803,0.31397,0.22433
9,0.9961,-162.40258,4,-0.27397,0.25193,0.35282
9,0.9961,-162.40258,5,-0.21039,0.19035,0.46633
9,0.9961,-162.40258,6,-0.14726,0.1292,0.56502
9,0.9961,-162.40258,7,-0.08454,0.06846,0.64904
9,0.9961,-162.40258,8,-0.0222,0.00809,0.71852
9,0.9961,-162.40258,9,0.03976,-0.05193,0.77357
9,0.9961,-162.40258,10,0.10139,-0.11162,0.81429
9,0.9961,-162.40258,11,0.16271,-0.17101,0.84077
9,0.9961,-162.40258,12,0.22372,-0.2301,0.85309
9,0.9961,-162.40258,13,0.28443,-0.2889,0.85131
9,0.9961,-162.40258,14,0.34485,-0.34741,0.83551
9,0.9961,-162.40258,15,0.40496,-0.40563,0.80576
9,0.9961,-162.40258,16,0.42322,-0.39991,0.7833
9,0.9961,-162.40258,17,0.39922,-0.38147,0.75659
9,0.9961,-162.40258,18,0.3753,-0.36309,0.71594
9,0.9961,-162.40258,19,0.35147,-0.34479,0.66139
9,0.9961,-162.40258,20,0.32774,-0.32656,0.59304
9,0.9961,-162.40258,21,0.30412,-0.30841,0.51098
9,0.9961,-162.40258,22,0.28063,-0.29036,0.41532
9,0.9961,-162.40258,23,0.25727,-0.27241,0.30618
9,0.9961,-162.40258,24,0.23405,-0.25458,0.1837
10,0.98333,-174.73098,1,-0.40767,0.38823,0.22955
10,0.98333,-174.73098,2,-0.40287,0.37741,0.07996
10,0.98333,-174.73098,3,-0.33859,0.31558,0.2221
10,0.98333,-174.73098,4,-0.27482,0.25425,0.3491
10,0.98333,-174.73098,5,-0.21153,0.19338,0.46113
10,0.98333,-174.73098,6,-0.14867,0.13292,0.55836
10,0.98333,-174.73098,7,-0.08623,0.07286,0.64094
10,0.98333,-174.73098,8,-0.02417,0.01317,0.70899
10,0.98333,-174.73098,9,0.03753,-0.04617,0.76262
10,0.98333,-174.73098,10,0.09891,-0.1052,0.80193
10,0.98333,-174.73098,11,0.15997,-0.16393,0.82702
10,0.98333,-174.73098,12,0.22072,-0.22236,0.83794
10,0.98333,-174.73098,13,0.28119,-0.28052,0.83478
10,0.98333,-174.73098,14,0.34135,-0.33839,0.8176
10,0.98333,-174.73098,15,0.40122,-0.39597,0.78648
10,0.98333,-174.73098,16,0.42321,-0.40235,0.75931
10,0.98333,-174.73098,17,0.4033,-0.3906,0.72953
10,0.98333,-174.73098,18,0.37901,-0.37814,0.68662
10,0.98333,-174.73098,19,0.3548,-0.36573,0.62984
10,0.98333,-174.73098,20,0.33071,-0.35337,0.55927
10,0.98333,-174.73098,21,0.30672,-0.34108,0.475
10,0.98333,-174.73098,22,0.28286,-0.32884,0.37714
10,0.98333,-174.73098,23,0.25914,-0.31668,0.26582
10,0.98333,-174.73098,24,0.23557,-0.30459,0.14118
11,0.98093,-174.64329,1,-0.40767,0.38823,0.22955
11,0.98093,-174.64329,2,-0.40292,0.37758,0.07983
11,0.98093,-174.64329,3,-0.33869,0.31589,0.22168
11,0.98093,-174.64329,4,-0.27498,0.25469,0.34839
11,0.98093,-174.64329,5,-0.21174,0.19395,0.46015
11,0.98093,-174.64329,6,-0.14894,0.13362,0.55711
11,0.98093,-174.64329,7,-0.08655,0.07369,0.63941
11,0.98093,-174.64329,8,-0.02454,0.01413,0.70719
11,0.98093,-174.64329,9,0.03711,-0.04509,0.76055
11,0.98093,-174.64329,10,0.09844,-0.10399,0.7996
11,0.98093,-174.64329,11,0.15945,-0.1626,0.82442
11,0.98093,-174.64329,12,0.22016,-0.22091,0.83508
11,0.98093,-174.64329,13,0.28057,-0.27894,0.83166
11,0.98093,-174.64329,14,0.34069,-0.33669,0.81422
11,0.98093,-174.64329,15,0.40051,-0.39415,0.78284
11,0.98093,-174.64329,16,0.41229,-0.41369,0.74995
11,0.98093,-174.64329,17,0.38938,-0.40998,0.71303
11,0.98093,-174.64329,18,0.36841,-0.39164,0.66536
11,0.98093,-174.64329,19,0.34752,-0.37337,0.60383
11,0.98093,-174.64329,20,0.32672,-0.35519,0.52855
11,0.98093,-174.64329,21,0.30603,-0.33709,0.43961
11,0.98093,-174.64329,22,0.28545,-0.31909,0.33712
11,0.98093,-174.64329,23,0.26498,-0.3012,0.22122
11,0.98093,-174.64329,24,0.24466,-0.28342,0.09205
12,0.98093,-174.64329,1,-0.40767,0.38823,0.22955
12,0.98093,-174.64329,2,-0.40292,0.37758,0.07983
12,0.98093,-174.64329,3,-0.33869,0.31589,0.22168
12,0.98093,-174.64329,4,-0.27498,0.25469,0.34839
12,0.98093,-174.64329,5,-0.21174,0.19395,0.46015
12,0.98093,-174.64329,6,-0.14894,0.13362,0.55711
12,0.98093,-174.64329,7,-0.08655,0.07369,0.63941
12,0.98093,-174.64329,8,-0.02454,0.01413,0.70719
12,0.98093,-174.64329,9,0.03711,-0.04509,0.76055
12,0.98093,-174.64329,10,0.09844,-0.10399,0.7996
12,0.98093,-174.64329,11,0.15945,-0.1626,0.82442
12,0.98093,-174.64329,12,0.22016,-0.22091,0.83508
12,0.98093,-174.64329,13,0.28057,-0.27894,0.83166
12,0.98093,-174.64329,14,0.34069,-0.33669,0.81422
12,0.98093,-174.64329,15,0.40051,-0.39415,0.78284
12,0.98093,-174.64329,16,0.41229,-0.41369,0.74995
12,0.98093,-174.64329,17,0.38938,-0.40998,0.71303
12,0.98093,-174.64329,18,0.36841,-0.39164,0.66536
12,0.98093,-174.64329,19,0.34752,-0.37337,0.60383
12,0.98093,-174.64329,20,0.32672,-0.35519,0.52855
12,0.98093,-174.64329,21,0.30603,-0.33709,0.43961
12,0.98093,-174.64329,22,0.28545,-0.31909,0.33712
12,0.98093,-174.64329,23,0.26498,-0.3012,0.22122
12,0.98093,-174.64329,24,0.24466,-0.28342,0.09205
13,0.98942,-161.59578,1,-0.40767,0.38823,0.22955
13,0.98942,-161.59578,2,-0.40275,0.37698,0.0803
13,0.98942,-161.59578,3,-0.33832,0.31481,0.22316
13,0.98942,-161.59578,4,-0.27442,0.25314,0.35087
13,0.98942,-161.59578,5,-0.21098,0.19193,0.46361
13,0.98942,-161.59578,6,-0.148,0.13115,0.56154
13,0.98942,-161.59578,7,-0.08542,0.07076,0.64481
13,0.98942,-161.59578,8,-0.02323,0.01075,0.71354
13,0.98942,-161.59578,9,0.0386,-0.04891,0.76785
13,0.98942,-161.59578,10,0.1001,-0.10826,0.80783
13,0.98942,-161.59578,11,0.16128,-0.1673,0.83358
13,0.98942,-161.59578,12,0.22216,-0.22605,0.84517
13,0.98942,-161.59578,13,0.28274,-0.28451,0.84267
13,0.98942,-161.59578,14,0.34303,-0.34269,0.82615
13,0.98942,-161.59578,15,0.40301,-0.40058,0.79569
13,0.98942,-161.59578,16,0.42147,-0.39508,0.77194
13,0.98942,-161.59578,17,0.40023,-0.37786,0.74404
13,0.98942,-161.59578,18,0.37677,-0.36036,0.70266
13,0.98942,-161.59578,19,0.3534,-0.34293,0.64739
13,0.98942,-161.59578,20,0.33012,-0.32557,0.57832
13,0.98942,-161.59578,21,0.30696,-0.30829,0.49555
13,0.98942,-161.59578,22,0.28392,-0.29111,0.39918
13,0.98942,-161.59578,23,0.26101,-0.27402,0.28933
13,0.98942,-161.59578,24,0.23824,-0.25704,0.16616
14,0.9674,-192.83044,1,-0.40767,0.38823,0.22955
14,0.9674,-192.83044,2,-0.40319,0.37852,0.07907
14,0.9674,-192.83044,3,-0.33929,0.3176,0.21931
14,0.9674,-192.83044,4,-0.27589,0.25715,0.34443
14,0.9674,-192.83044,5,-0.21296,0.19715,0.45461
14,0.9674,-192.83044,6,-0.15047,0.13757,0.55002
14,0.9674,-192.83044,7,-0.08837,0.07836,0.63078
14,0.9674,-192.83044,8,-0.02665,0.01952,0.69704
14,0.9674,-192.83044,9,0.03471,-0.03899,0.74889
14,0.9674,-192.83044,10,0.09576,-0.09719,0.78643
14,0.9674,-192.83044,11,0.15649,-0.15509,0.80976
14,0.9674,-192.83044,12,0.21693,-0.21272,0.81893
14,0.9674,-192.83044,13,0.27707,-0.27006,0.81403
14,0.9674,-192.83044,14,0.33693,-0.32712,0.79513
14,0.9674,-192.83044,15,0.39648,-0.38391,0.76228
14,0.9674,-192.83044,16,0.41271,-0.42305,0.72113
14,0.9674,-192.83044,17,0.39342,-0.41644,0.67896
14,0.9674,-192.83044,18,0.3742,-0.40985,0.62291
14,0.9674,-192.83044,19,0.35492,-0.39668,0.55469
14,0.9674,-192.83044,20,0.33573,-0.38357,0.47276
14,0.9674,-192.83044,21,0.31665,-0.37053,0.37722
14,0.9674,-192.83044,22,0.29767,-0.35756,0.2682
14,0.9674,-192.83044,23,0.27881,-0.34467,0.14582
14,0.9674,-192.83044,24,0.27649,-0.32145,0.10026
15,0.98942,-161.59578,1,-0.40767,0.38823,0.22955
15,0.98942,-161.59578,2,-0.40275,0.37698,0.0803
15,0.98942,-161.59578,3,-0.33832,0.31481,0.22316
15,0.98942,-161.59578,4,-0.27442,0.25314,0.35087
15,0.98942,-161.59578,5,-0.21098,0.19193,0.46361
15,0.98942,-161.59578,6,-0.148,0.13115,0.56154
15,0.98942,-161.59578,7,-0.08542,0.07076,0.64481
15,0.98942,-161.59578,8,-0.02323,0.01075,0.71354
15,0.98942,-161.59578,9,0.0386,-0.04891,0.76785
15,0.98942,-161.59578,10,0.1001,-0.10826,0.80783
15,0.98942,-161.59578,11,0.16128,-0.1673,0.83358
15,0.98942,-161.59578,12,0.22216,-0.22605,0.84517
15,0.98942,-161.59578,13,0.28274,-0.28451,0.84267
15,0.98942,-161.59578,14,0.34303,-0.34269,0.82615
15,0.98942,-161.59578,15,0.40301,-0.40058,0.79569
15,0.98942,-161.59578,16,0.42147,-0.39508,0.77194
15,0.98942,-161.59578,17,0.40023,-0.37786,0.74404
15,0.98942,-161.59578,18,0.37677,-0.36036,0.70266
15,0.98942,-161.59578,19,0.3534,-0.34293,0.64739
15,0.98942,-161.59578,20,0.33012,-0.32557,0.57832
15,0.98942,-161.59578,21,0.30696,-0.30829,0.49555
15,0.98942,-161.59578,22,0.28392,-0.29111,0.39918
15,0.98942,-161.59578,23,0.26101,-0.27402,0.28933
15,0.98942,-161.59578,24,0.23824,-0.25704,0.16616
16,0.99222,-161.87213,1,-0.40767,0.38823,0.22955
16,0.99222,-161.87213,2,-0.40269,0.37679,0.08046
16,0.99222,-161.87213,3,-0.3382,0.31446,0.22365
16,0.99222,-161.87213,4,-0.27423,0.25263,0.35169
16,0.99222,-161.87213,5,-0.21074,0.19127,0.46475
16,0.99222,-161.87213,6,-0.14769,0.13033,0.563
16,0.99222,-161.87213,7,-0.08505,0.0698,0.64658
16,0.99222,-161.87213,8,-0.0228,0.00963,0.71563
16,0.99222,-161.87213,9,0.03909,-0.05018,0.77025
16,0.99222,-161.87213,10,0.10064,-0.10967,0.81054
16,0.99222,-161.87213,11,0.16188,-0.16886,0.8366
16,0.99222,-161.87213,12,0.22282,-0.22775,0.84849
16,0.99222,-161.87213,13,0.28345,-0.28635,0.8463
16,0.99222,-161.87213,14,0.34379,-0.34467,0.83008
16,0.99222,-161.87213,15,0.40383,-0.4027,0.79991
16,0.99222,-161.87213,16,0.4222,-0.39706,0.77671
16,0.99222,-161.87213,17,0.40034,-0.37952,0.74937
16,0.99222,-161.87213,18,0.37622,-0.36166,0.70854
16,0.99222,-161.87213,19,0.35218,-0.34387,0.65382
16,0.99222,-161.87213,20,0.32825,-0.32616,0.5853
16,0.99222,-161.87213,21,0.30443,-0.30853,0.50307
16,0.99222,-161.87213,22,0.28073,-0.29099,0.40723
16,0.99222,-161.87213,23,0.25717,-0.27355,0.29792
16,0.99222,-161.87213,24,0.23375,-0.25622,0.17527
17,0.98093,-174.64329,1,-0.40767,0.38823,0.22955
17,0.98093,-174.64329,2,-0.40292,0.37758,0.07983
17,0.98093,-174.64329,3,-0.33869,0.31589,0.22168
17,0.98093,-174.64329,4,-0.27498,0.25469,0.34839
17,0.98093,-174.64329,5,-0.21174,0.19395,0.46015
17,0.98093,-174.64329,6,-0.14894,0.13362,0.55711
17,0.98093,-174.64329,7,-0.08655,0.07369,0.63941
17,0.98093,-174.64329,8,-0.02454,0.01413,0.70719
17,0.98093,-174.64329,9,0.03711,-0.04509,0.76055
17,0.98093,-174.64329,10,0.09844,-0.10399,0.7996
17,0.98093,-174.64329,11,0.15945,-0.1626,0.82442
17,0.98093,-174.64329,12,0.22016,-0.22091,0.83508
17,0.98093,-174.64329,13,0.28057,-0.27894,0.83166
17,0.98093,-174.64329,14,0.34069,-0.33669,0.81422
17,0.98093,-174.64329,15,0.40051,-0.39415,0.78284
17,0.98093,-174.64329,16,0.41229,-0.41369,0.74995
17,0.98093,-174.64329,17,0.38938,-0.40998,0.71303
17,0.98093,-174.64329,18,0.36841,-0.39164,0.66536
17,0.98093,-174.64329,19,0.34752,-0.37337,0.60383
17,0.98093,-174.64329,20,0.32672,-0.35519,0.52855
17,0.98093,-174.64329,21,0.30603,-0.33709,0.43961
17,0.98093,-174.64329,22,0.28545,-0.31909,0.33712
17,0.98093,-174.64329,23,0.26498,-0.3012,0.22122
17,0.98093,-174.64329,24,0.24466,-0.28342,0.09205
18,0.98942,-161.59578,1,-0.40767,0.38823,0.22955
18,0.98942,-161.59578,2,-0.40275,0.37698,0.0803
18,0.98942,-161.59578,3,-0.33832,0.31481,0.22316
18,0.98942,-161.59578,4,-0.27442,0.25314,0.35087
18,0.98942,-161.59578,5,-0.21098,0.19193,0.46361
18,0.98942,-161.59578,6,-0.148,0.13115,0.56154
18,0.98942,-161.59578,7,-0.08542,0.07076,0.64481
18,0.98942,-161.59578,8,-0.02323,0.01075,0.71354
18,0.98942,-161.59578,9,0.0386,-0.04891,0.76785
18,0.98942,-161.59578,10,0.1001,-0.10826,0.80783
18,0.98942,-161.59578,11,0.16128,-0.1673,0.83358
18,0.98942,-161.59578,12,0.22216,-0.22605,0.84517
18,0.98942,-161.59578,13,0.28274,-0.28451,0.84267
18,0.98942,-161.59578,14,0.34303,-0.34269,0.82615
18,0.98942,-161.59578,15,0.40301,-0.40058,0.79569
18,0.98942,-161.59578,16,0.42147,-0.39508,0.77194
18,0.98942,-161.59578,17,0.40023,-0.37786,0.74404
18,0.98942,-161.59578,18,0.37677,-0.36036,0.70266
18,0.98942,-161.59578,19,0.3534,-0.34293,0.64739
18,0.98942,-161.59578,20,0.33012,-0.32557,0.57832
18,0.98942,-161.59578,21,0.30696,-0.30829,0.49555
18,0.98942,-161.59578,22,0.28392,-0.29111,0.39918
18,0.98942,-161.59578,23,0.26101,-0.27402,0.28933
18,0.98942,-161.59578,24,0.23824,-0.25704,0.16616
19,0.99137,-161.76592,1,-0.40767,0.38823,0.22955
19,0.99137,-161.76592,2,-0.40271,0.37685,0.08041
19,0.99137,-161.76592,3,-0.33824,0.31457,0.2235
19,0.99137,-161.76592,4,-0.27429,0.25279,0.35144
19,0.99137,-161.76592,5,-0.21081,0.19147,0.46441
19,0.99137,-161.76592,6,-0.14778,0.13058,0.56256
19,0.99137,-161.76592,7,-0.08516,0.07009,0.64605
19,0.99137,-161.76592,8,-0.02293,0.00997,0.715
19,0.99137,-161.76592,9,0.03894,-0.0498,0.76952
19,0.99137,-161.76592,10,0.10048,-0.10925,0.80973
19,0.99137,-161.76592,11,0.1617,-0.16839,0.83569
19,0.99137,-161.76592,12,0.22262,-0.22724,0.84749
19,0.99137,-161.76592,13,0.28324,-0.2858,0.8452
19,0.99137,-161.76592,14,0.34356,-0.34407,0.8289
19,0.99137,-161.76592,15,0.40359,-0.40206,0.79864
19,0.99137,-161.76592,16,0.42198,-0.39646,0.77527
19,0.99137,-161.76592,17,0.40031,-0.379,0.74777
19,0.99137,-161.76592,18,0.37639,-0.36125,0.70677
19,0.99137,-161.76592,19,0.35255,-0.34356,0.65189
19,0.99137,-161.76592,20,0.32882,-0.32594,0.5832
19,0.99137,-161.76592,21,0.3052,-0.30841,0.50081
19,0.99137,-161.76592,22,0.2817,-0.29097,0.40481
19,0.99137,-161.76592,23,0.25834,-0.27363,0.29534
19,0.99137,-161.76592,24,0.23512,-0.2564,0.17253
20,0.98942,-161.59578,1,-0.40767,0.38823,0.22955
20,0.98942,-161.59578,2,-0.40275,0.37698,0.0803
20,0.98942,-161.59578,3,-0.33832,0.31481,0.22316
20,0.98942,-161.59578,4,-0.27442,0.25314,0.35087
20,0.98942,-161.59578,5,-0.21098,0.19193,0.46361
20,0.98942,-161.59578,6,-0.148,0.13115,0.56154
20,0.98942,-161.59578,7,-0.08542,0.07076,0.64481
20,0.98942,-161.59578,8,-0.02323,0.01075,0.71354
20,0.98942,-161.59578,9,0.0386,-0.04891,0.76785
20,0.98942,-161.59578,10,0.1001,-0.10826,0.80783
20,0.98942,-161.59578,11,0.16128,-0.1673,0.83358
20,0.98942,-161.59578,12,0.22216,-0.22605,0.84517
20,0.98942,-161.59578,13,0.28274,-0.28451,0.84267
20,0.98942,-161.59578,14,0.34303,-0.34269,0.82615
20,0.98942,-161.59578,15,0.40301,-0.40058,0.79569
20,0.98942,-161.59578,16,0.42147,-0.39508,0.77194
20,0.98942,-161.59578,17,0.40023,-0.37786,0.74404
20,0.98942,-161.59578,18,0.37677,-0.36036,0.70266
20,0.98942,-161.59578,19,0.3534,-0.34293,0.64739
20,0.98942,-161.59578,20,0.33012,-0.32557,0.57832
20,0.98942,-161.59578,21,0.30696,-0.30829,0.49555
20,0.98942,-161.59578,22,0.28392,-0.29111,0.39918
20,0.98942,-161.59578,23,0.26101,-0.27402,0.28933
20,0.98942,-161.59578,24,0.23824,-0.25704,0.16616
