particle,elasticity,weight,frame,x,y,z
1,0.61796,71.16012,1,0.44035,-0.41197,0.42617
1,0.61796,71.16012,2,0.36165,-0.40985,0.37385
1,0.61796,71.16012,3,0.28803,-0.36652,0.31547
1,0.61796,71.16012,4,0.21484,-0.32344,0.2434
1,0.61796,71.16012,5,0.14209,-0.28063,0.15774
1,0.61796,71.16012,6,0.06727,-0.24324,0.08346
1,0.61796,71.16012,7,-0.01604,-0.22402,0.08233
1,0.61796,71.16012,8,-0.09827,-0.2084,0.08147
1,0.61796,71.16012,9,-0.17981,-0.19425,0.07225
1,0.61796,71.16012,10,-0.25645,-0.18101,0.07157
1,0.61796,71.16012,11,-0.32804,-0.16722,0.07584
1,0.61796,71.16012,12,-0.3963,-0.15298,0.07835
1,0.61796,71.16012,13,-0.39361,-0.1533,0.07846
1,0.61796,71.16012,14,-0.37243,-0.157,0.07376
1,0.61796,71.16012,15,-0.35272,-0.16013,0.06114
1,0.61796,71.16012,16,-0.33604,-0.16344,0.04947
1,0.61796,71.16012,17,-0.32439,-0.16493,0.05055
1,0.61796,71.16012,18,-0.31537,-0.16595,0.04922
1,0.61796,71.16012,19,-0.30984,-0.16637,0.04918
1,0.61796,71.16012,20,-0.30647,-0.16698,0.04886
1,0.61796,71.16012,21,-0.30551,-0.16697,0.049
1,0.61796,71.16012,22,-0.30548,-0.16709,0.04952
1,0.61796,71.16012,23,-0.30546,-0.16714,0.04977
2,0.61796,71.16012,1,0.44035,-0.41197,0.42617
2,0.61796,71.16012,2,0.36165,-0.40985,0.37385
2,0.61796,71.16012,3,0.28803,-0.36652,0.31547
2,0.61796,71.16012,4,0.21484,-0.32344,0.2434
2,0.61796,71.16012,5,0.14209,-0.28063,0.15774
2,0.61796,71.16012,6,0.06727,-0.24324,0.08346
2,0.61796,71.16012,7,-0.01604,-0.22402,0.08233
2,0.61796,71.16012,8,-0.09827,-0.2084,0.08147
2,0.61796,71.16012,9,-0.17981,-0.19425,0.07225
2,0.61796,71.16012,10,-0.25645,-0.18101,0.07157
2,0.61796,71.16012,11,-0.32804,-0.16722,0.07584
2,0.61796,71.16012,12,-0.3963,-0.15298,0.07835
2,0.61796,71.16012,13,-0.39361,-0.1533,0.07846
2,0.61796,71.16012,14,-0.37243,-0.157,0.07376
2,0.61796,71.16012,15,-0.35272,-0.16013,0.06114
2,0.61796,71.16012,16,-0.33604,-0.16344,0.04947
2,0.61796,71.16012,17,-0.32439,-0.16493,0.05055
2,0.61796,71.16012,18,-0.31537,-0.16595,0.04922
2,0.61796,71.16012,19,-0.30984,-0.16637,0.04918
2,0.61796,71.16012,20,-0.30647,-0.16698,0.04886
2,0.61796,71.16012,21,-0.30551,-0.16697,0.049
2,0.61796,71.16012,22,-0.30548,-0.16709,0.04952
2,0.61796,71.16012,23,-0.30546,-0.16714,0.04977
3,0.61796,71.16012,1,0.44035,-0.41197,0.42617
3,0.61796,71.16012,2,0.36165,-0.40985,0.37385
3,0.61796,71.16012,3,0.28803,-0.36652,0.31547
3,0.61796,71.16012,4,0.21484,-0.32344,0.2434
3,0.61796,71.16012,5,0.14209,-0.28063,0.15774
3,0.61796,71.16012,6,0.06727,-0.24324,0.08346
3,0.61796,71.16012,7,-0.01604,-0.22402,0.08233
3,0.61796,71.16012,8,-0.09827,-0.2084,0.08147
3,0.61796,71.16012,9,-0.17981,-0.19425,0.07225
3,0.61796,71.16012,10,-0.25645,-0.18101,0.07157
3,0.61796,71.16012,11,-0.32804,-0.16722,0.07584
3,0.61796,71.16012,12,-0.3963,-0.15298,0.07835
3,0.61796,71.16012,13,-0.39361,-0.1533,0.07846
3,0.61796,71.16012,14,-0.37243,-0.157,0.07376
3,0.61796,71.16012,15,-0.35272,-0.16013,0.06114
3,0.61796,71.16012,16,-0.33604,-0.16344,0.04947
3,0.61796,71.16012,17,-0.32439,-0.16493,0.05055
3,0.61796,71.16012,18,-0.31537,-0.16595,0.04922
3,0.61796,71.16012,19,-0.30984,-0.16637,0.04918
3,0.61796,71.16012,20,-0.30647,-0.16698,0.04886
3,0.61796,71.16012,21,-0.30551,-0.16697,0.049
3,0.61796,71.16012,22,-0.30548,-0.16709,0.04952
3,0.61796,71.16012,23,-0.30546,-0.16714,0.04977
4,0.61796,71.16012,1,0.44035,-0.41197,0.42617
4,0.61796,71.16012,2,0.36165,-0.40985,0.37385
4,0.61796,71.16012,3,0.28803,-0.36652,0.31547
4,0.61796,71.16012,4,0.21484,-0.32344,0.2434
4,0.61796,71.16012,5,0.14209,-0.28063,0.15774
4,0.61796,71.16012,6,0.06727,-0.24324,0.08346
4,0.61796,71.16012,7,-0.01604,-0.22402,0.08233
4,0.61796,71.16012,8,-0.09827,-0.2084,0.08147
4,0.61796,71.16012,9,-0.17981,-0.19425,0.07225
4,0.61796,71.16012,10,-0.25645,-0.18101,0.07157
4,0.61796,71.16012,11,-0.32804,-0.16722,0.07584
4,0.61796,71.16012,12,-0.3963,-0.15298,0.07835
4,0.61796,71.16012,13,-0.39361,-0.1533,0.07846
4,0.61796,71.16012,14,-0.37243,-0.157,0.07376
4,0.61796,71.16012,15,-0.35272,-0.16013,0.06114
4,0.61796,71.16012,16,-0.33604,-0.16344,0.04947
4,0.61796,71.16012,17,-0.32439,-0.16493,0.05055
4,0.61796,71.16012,18,-0.31537,-0.16595,0.04922
4,0.61796,71.16012,19,-0.30984,-0.16637,0.04918
4,0.61796,71.16012,20,-0.30647,-0.16698,0.04886
4,0.61796,71.16012,21,-0.30551,-0.16697,0.049
4,0.61796,71.16012,22,-0.30548,-0.16709,0.04952
4,0.61796,71.16012,23,-0.30546,-0.16714,0.04977
5,0.61796,71.16012,1,0.44035,-0.41197,0.42617
5,0.61796,71.16012,2,0.36165,-0.40985,0.37385
5,0.61796,71.16012,3,0.28803,-0.36652,0.31547
5,0.61796,71.16012,4,0.21484,-0.32344,0.2434
5,0.61796,71.16012,5,0.14209,-0.28063,0.15774
5,0.61796,71.16012,6,0.06727,-0.24324,0.08346
5,0.61796,71.16012,7,-0.01604,-0.22402,0.08233
5,0.61796,71.16012,8,-0.09827,-0.2084,0.08147
5,0.61796,71.16012,9,-0.17981,-0.19425,0.07225
5,0.61796,71.16012,10,-0.25645,-0.18101,0.07157
5,0.61796,71.16012,11,-0.32804,-0.16722,0.07584
5,0.61796,71.16012,12,-0.3963,-0.15298,0.07835
5,0.61796,71.16012,13,-0.39361,-0.1533,0.07846
5,0.61796,71.16012,14,-0.37243,-0.157,0.07376
5,0.61796,71.16012,15,-0.35272,-0.16013,0.06114
5,0.61796,71.16012,16,-0.33604,-0.16344,0.04947
5,0.61796,71.16012,17,-0.32439,-0.16493,0.05055
5,0.61796,71.16012,18,-0.31537,-0.16595,0.04922
5,0.61796,71.16012,19,-0.30984,-0.16637,0.04918
5,0.61796,71.16012,20,-0.30647,-0.16698,0.04886
5,0.61796,71.16012,21,-0.30551,-0.16697,0.049
5,0.61796,71.16012,22,-0.30548,-0.16709,0.04952
5,0.61796,71.16012,23,-0.30546,-0.16714,0.04977
6,0.60845,68.61844,1,0.44035,-0.41197,0.42617
6,0.60845,68.61844,2,0.36311,-0.4104,0.3735
6,0.60845,68.61844,3,0.29087,-0.36784,0.31476
6,0.60845,68.61844,4,0.21904,-0.32553,0.24233
6,0.60845,68.61844,5,0.14765,-0.28347,0.15632
6,0.60845,68.61844,6,0.07416,-0.24605,0.08225
6,0.60845,68.61844,7,-0.00782,-0.22407,0.08326
6,0.60845,68.61844,8,-0.0876,-0.20746,0.09252
6,0.60845,68.61844,9,-0.16649,-0.19243,0.09404
6,0.60845,68.61844,10,-0.24501,-0.17748,0.08153
6,0.60845,68.61844,11,-0.31836,-0.16472,0.07602
6,0.60845,68.61844,12,-0.38542,-0.15468,0.08266
6,0.60845,68.61844,13,-0.39547,-0.15195,0.08049
6,0.60845,68.61844,14,-0.37912,-0.15105,0.07843
6,0.60845,68.61844,15,-0.36324,-0.14826,0.0702
6,0.60845,68.61844,16,-0.3466,-0.14601,0.05879
6,0.60845,68.61844,17,-0.33177,-0.14331,0.0523
6,0.60845,68.61844,18,-0.32063,-0.13964,0.04971
6,0.60845,68.61844,19,-0.31312,-0.13621,0.04881
6,0.60845,68.61844,20,-0.30883,-0.13448,0.04919
6,0.60845,68.61844,21,-0.3073,-0.13367,0.04926
6,0.60845,68.61844,22,-0.30732,-0.1338,0.04964
6,0.60845,68.61844,23,-0.30734,-0.13387,0.04982
7,0.61796,71.16012,1,0.44035,-0.41197,0.42617
7,0.61796,71.16012,2,0.36165,-0.40985,0.37385
7,0.61796,71.16012,3,0.28803,-0.36652,0.31547
7,0.61796,71.16012,4,0.21484,-0.32344,0.2434
7,0.61796,71.16012,5,0.14209,-0.28063,0.15774
7,0.61796,71.16012,6,0.06727,-0.24324,0.08346
7,0.61796,71.16012,7,-0.01604,-0.22402,0.08233
7,0.61796,71.16012,8,-0.09827,-0.2084,0.08147
7,0.61796,71.16012,9,-0.17981,-0.19425,0.07225
7,0.61796,71.16012,10,-0.25645,-0.18101,0.07157
7,0.61796,71.16012,11,-0.32804,-0.16722,0.07584
7,0.61796,71.16012,12,-0.3963,-0.15298,0.07835
7,0.61796,71.16012,13,-0.39361,-0.1533,0.07846
7,0.61796,71.16012,14,-0.37243,-0.157,0.07376
7,0.61796,71.16012,15,-0.35272,-0.16013,0.06114
7,0.61796,71.16012,16,-0.33604,-0.16344,0.04947
7,0.61796,71.16012,17,-0.32439,-0.16493,0.05055
7,0.61796,71.16012,18,-0.31537,-0.16595,0.04922
7,0.61796,71.16012,19,-0.30984,-0.16637,0.04918
7,0.61796,71.16012,20,-0.30647,-0.16698,0.04886
7,0.61796,71.16012,21,-0.30551,-0.16697,0.049
7,0.61796,71.16012,22,-0.30548,-0.16709,0.04952
7,0.61796,71.16012,23,-0.30546,-0.16714,0.04977
8,0.61796,71.16012,1,0.44035,-0.41197,0.42617
8,0.61796,71.16012,2,0.36165,-0.40985,0.37385
8,0.61796,71.16012,3,0.28803,-0.36652,0.31547
8,0.61796,71.16012,4,0.21484,-0.32344,0.2434
8,0.61796,71.16012,5,0.14209,-0.28063,0.15774
8,0.61796,71.16012,6,0.06727,-0.24324,0.08346
8,0.61796,71.16012,7,-0.01604,-0.22402,0.08233
8,0.61796,71.16012,8,-0.09827,-0.2084,0.08147
8,0.61796,71.16012,9,-0.17981,-0.19425,0.07225
8,0.61796,71.16012,10,-0.25645,-0.18101,0.07157
8,0.61796,71.16012,11,-0.32804,-0.16722,0.07584
8,0.61796,71.16012,12,-0.3963,-0.15298,0.07835
8,0.61796,71.16012,13,-0.39361,-0.1533,0.07846
8,0.61796,71.16012,14,-0.37243,-0.157,0.07376
8,0.61796,71.16012,15,-0.35272,-0.16013,0.06114
8,0.61796,71.16012,16,-0.33604,-0.16344,0.04947
8,0.61796,71.16012,17,-0.32439,-0.16493,0.05055
8,0.61796,71.16012,18,-0.31537,-0.16595,0.04922
8,0.61796,71.16012,19,-0.30984,-0.16637,0.04918
8,0.61796,71.16012,20,-0.30647,-0.16698,0.04886
8,0.61796,71.16012,21,-0.30551,-0.16697,0.049
8,0.61796,71.16012,22,-0.30548,-0.16709,0.04952
8,0.61796,71.16012,23,-0.30546,-0.16714,0.04977
9,0.61796,71.16012,1,0.44035,-0.41197,0.42617
9,0.61796,71.16012,2,0.36165,-0.40985,0.37385
9,0.61796,71.16012,3,0.28803,-0.36652,0.31547
9,0.61796,71.16012,4,0.21484,-0.32344,0.2434
9,0.61796,71.16012,5,0.14209,-0.28063,0.15774
9,0.61796,71.16012,6,0.06727,-0.24324,0.08346
9,0.61796,71.16012,7,-0.01604,-0.22402,0.08233
9,0.61796,71.16012,8,-0.09827,-0.2084,0.08147
9,0.61796,71.16012,9,-0.17981,-0.19425,0.07225
9,0.61796,71.16012,10,-0.25645,-0.18101,0.07157
9,0.61796,71.16012,11,-0.32804,-0.16722,0.07584
9,0.61796,71.16012,12,-0.3963,-0.15298,0.07835
9,0.61796,71.16012,13,-0.39361,-0.1533,0.07846
9,0.61796,71.16012,14,-0.37243,-0.157,0.07376
9,0.61796,71.16012,15,-0.35272,-0.16013,0.06114
9,0.61796,71.16012,16,-0.33604,-0.16344,0.04947
9,0.61796,71.16012,17,-0.32439,-0.16493,0.05055
9,0.61796,71.16012,18,-0.31537,-0.16595,0.04922
9,0.61796,71.16012,19,-0.30984,-0.16637,0.04918
9,0.61796,71.16012,20,-0.30647,-0.16698,0.04886
9,0.61796,71.16012,21,-0.30551,-0.16697,0.049
9,0.61796,71.16012,22,-0.30548,-0.16709,0.04952
9,0.61796,71.16012,23,-0.30546,-0.16714,0.04977
10,0.61796,71.16012,1,0.44035,-0.41197,0.42617
10,0.61796,71.16012,2,0.36165,-0.40985,0.37385
10,0.61796,71.16012,3,0.28803,-0.36652,0.31547
10,0.61796,71.16012,4,0.21484,-0.32344,0.2434
10,0.61796,71.16012,5,0.14209,-0.28063,0.15774
10,0.61796,71.16012,6,0.06727,-0.24324,0.08346
10,0.61796,71.16012,7,-0.01604,-0.22402,0.08233
10,0.61796,71.16012,8,-0.09827,-0.2084,0.08147
10,0.61796,71.16012,9,-0.17981,-0.19425,0.07225
10,0.61796,71.16012,10,-0.25645,-0.18101,0.07157
10,0.61796,71.16012,11,-0.32804,-0.16722,0.07584
10,0.61796,71.16012,12,-0.3963,-0.15298,0.07835
10,0.61796,71.16012,13,-0.39361,-0.1533,0.07846
10,0.61796,71.16012,14,-0.37243,-0.157,0.07376
10,0.61796,71.16012,15,-0.35272,-0.16013,0.06114
10,0.61796,71.16012,16,-0.33604,-0.16344,0.04947
10,0.61796,71.16012,17,-0.32439,-0.16493,0.05055
10,0.61796,71.16012,18,-0.31537,-0.16595,0.04922
10,0.61796,71.16012,19,-0.30984,-0.16637,0.04918
10,0.61796,71.16012,20,-0.30647,-0.16698,0.04886
10,0.61796,71.16012,21,-0.30551,-0.16697,0.049
10,0.61796,71.16012,22,-0.30548,-0.16709,0.04952
10,0.61796,71.16012,23,-0.30546,-0.16714,0.04977
11,0.61796,71.16012,1,0.44035,-0.41197,0.42617
11,0.61796,71.16012,2,0.36165,-0.40985,0.37385
11,0.61796,71.16012,3,0.28803,-0.36652,0.31547
11,0.61796,71.16012,4,0.21484,-0.32344,0.2434
11,0.61796,71.16012,5,0.14209,-0.28063,0.15774
11,0.61796,71.16012,6,0.06727,-0.24324,0.08346
11,0.61796,71.16012,7,-0.01604,-0.22402,0.08233
11,0.61796,71.16012,8,-0.09827,-0.2084,0.08147
11,0.61796,71.16012,9,-0.17981,-0.19425,0.07225
11,0.61796,71.16012,10,-0.25645,-0.18101,0.07157
11,0.61796,71.16012,11,-0.32804,-0.16722,0.07584
11,0.61796,71.16012,12,-0.3963,-0.15298,0.07835
11,0.61796,71.16012,13,-0.39361,-0.1533,0.07846
11,0.61796,71.16012,14,-0.37243,-0.157,0.07376
11,0.61796,71.16012,15,-0.35272,-0.16013,0.06114
11,0.61796,71.16012,16,-0.33604,-0.16344,0.04947
11,0.61796,71.16012,17,-0.32439,-0.16493,0.05055
11,0.61796,71.16012,18,-0.31537,-0.16595,0.04922
11,0.61796,71.16012,19,-0.30984,-0.16637,0.04918
11,0.61796,71.16012,20,-0.30647,-0.16698,0.04886
11,0.61796,71.16012,21,-0.30551,-0.16697,0.049
11,0.61796,71.16012,22,-0.30548,-0.16709,0.04952
11,0.61796,71.16012,23,-0.30546,-0.16714,0.04977
12,0.61796,71.16012,1,0.44035,-0.41197,0.42617
12,0.61796,71.16012,2,0.36165,-0.40985,0.37385
12,0.61796,71.16012,3,0.28803,-0.36652,0.31547
12,0.61796,71.16012,4,0.21484,-0.32344,0.2434
12,0.61796,71.16012,5,0.14209,-0.28063,0.15774
12,0.61796,71.16012,6,0.06727,-0.24324,0.08346
12,0.61796,71.16012,7,-0.01604,-0.22402,0.08233
12,0.61796,71.16012,8,-0.09827,-0.2084,0.08147
12,0.61796,71.16012,9,-0.17981,-0.19425,0.07225
12,0.61796,71.16012,10,-0.25645,-0.18101,0.07157
12,0.61796,71.16012,11,-0.32804,-0.16722,0.07584
12,0.61796,71.16012,12,-0.3963,-0.15298,0.07835
12,0.61796,71.16012,13,-0.39361,-0.1533,0.07846
12,0.61796,71.16012,14,-0.37243,-0.157,0.07376
12,0.61796,71.16012,15,-0.35272,-0.16013,0.06114
12,0.61796,71.16012,16,-0.33604,-0.16344,0.04947
12,0.61796,71.16012,17,-0.32439,-0.16493,0.05055
12,0.61796,71.16012,18,-0.31537,-0.16595,0.04922
12,0.61796,71.16012,19,-0.30984,-0.16637,0.04918
12,0.61796,71.16012,20,-0.30647,-0.16698,0.04886
12,0.61796,71.16012,21,-0.30551,-0.16697,0.049
12,0.61796,71.16012,22,-0.30548,-0.16709,0.04952
12,0.61796,71.16012,23,-0.30546,-0.16714,0.04977
13,0.61796,71.16012,1,0.44035,-0.41197,0.42617
13,0.61796,71.16012,2,0.36165,-0.40985,0.37385
13,0.61796,71.16012,3,0.28803,-0.36652,0.31547
13,0.61796,71.16012,4,0.21484,-0.32344,0.2434
13,0.61796,71.16012,5,0.14209,-0.28063,0.15774
13,0.61796,71.16012,6,0.06727,-0.24324,0.08346
13,0.61796,71.16012,7,-0.01604,-0.22402,0.08233
13,0.61796,71.16012,8,-0.09827,-0.2084,0.08147
13,0.61796,71.16012,9,-0.17981,-0.19425,0.07225
13,0.61796,71.16012,10,-0.25645,-0.18101,0.07157
13,0.61796,71.16012,11,-0.32804,-0.16722,0.07584
13,0.61796,71.16012,12,-0.3963,-0.15298,0.07835
13,0.61796,71.16012,13,-0.39361,-0.1533,0.07846
13,0.61796,71.16012,14,-0.37243,-0.157,0.07376
13,0.61796,71.16012,15,-0.35272,-0.16013,0.06114
13,0.61796,71.16012,16,-0.33604,-0.16344,0.04947
13,0.61796,71.16012,17,-0.32439,-0.16493,0.05055
13,0.61796,71.16012,18,-0.31537,-0.16595,0.04922
13,0.61796,71.16012,19,-0.30984,-0.16637,0.04918
13,0.61796,71.16012,20,-0.30647,-0.16698,0.04886
13,0.61796,71.16012,21,-0.30551,-0.16697,0.049
13,0.61796,71.16012,22,-0.30548,-0.16709,0.04952
13,0.61796,71.16012,23,-0.30546,-0.16714,0.04977
14,0.61796,71.16012,1,0.44035,-0.41197,0.42617
14,0.61796,71.16012,2,0.36165,-0.40985,0.37385
14,0.61796,71.16012,3,0.28803,-0.36652,0.31547
14,0.61796,71.16012,4,0.21484,-0.32344,0.2434
14,0.61796,71.16012,5,0.14209,-0.28063,0.15774
14,0.61796,71.16012,6,0.06727,-0.24324,0.08346
14,0.61796,71.16012,7,-0.01604,-0.22402,0.08233
14,0.61796,71.16012,8,-0.09827,-0.2084,0.08147
14,0.61796,71.16012,9,-0.17981,-0.19425,0.07225
14,0.61796,71.16012,10,-0.25645,-0.18101,0.07157
14,0.61796,71.16012,11,-0.32804,-0.16722,0.07584
14,0.61796,71.16012,12,-0.3963,-0.15298,0.07835
14,0.61796,71.16012,13,-0.39361,-0.1533,0.07846
14,0.61796,71.16012,14,-0.37243,-0.157,0.07376
14,0.61796,71.16012,15,-0.35272,-0.16013,0.06114
14,0.61796,71.16012,16,-0.33604,-0.16344,0.04947
14,0.61796,71.16012,17,-0.32439,-0.16493,0.05055
14,0.61796,71.16012,18,-0.31537,-0.16595,0.04922
14,0.61796,71.16012,19,-0.30984,-0.16637,0.04918
14,0.61796,71.16012,20,-0.30647,-0.16698,0.04886
14,0.61796,71.16012,21,-0.30551,-0.16697,0.049
14,0.61796,71.16012,22,-0.30548,-0.16709,0.04952
14,0.61796,71.16012,23,-0.30546,-0.16714,0.04977
15,0.61796,71.16012,1,0.44035,-0.41197,0.42617
15,0.61796,71.16012,2,0.36165,-0.40985,0.37385
15,0.61796,71.16012,3,0.28803,-0.36652,0.31547
15,0.61796,71.16012,4,0.21484,-0.32344,0.2434
15,0.61796,71.16012,5,0.14209,-0.28063,0.15774
15,0.61796,71.16012,6,0.06727,-0.24324,0.08346
15,0.61796,71.16012,7,-0.01604,-0.22402,0.08233
15,0.61796,71.16012,8,-0.09827,-0.2084,0.08147
15,0.61796,71.16012,9,-0.17981,-0.19425,0.07225
15,0.61796,71.16012,10,-0.25645,-0.18101,0.07157
15,0.61796,71.16012,11,-0.32804,-0.16722,0.07584
15,0.61796,71.16012,12,-0.3963,-0.15298,0.07835
15,0.61796,71.16012,13,-0.39361,-0.1533,0.07846
15,0.61796,71.16012,14,-0.37243,-0.157,0.07376
15,0.61796,71.16012,15,-0.35272,-0.16013,0.06114
15,0.61796,71.16012,16,-0.33604,-0.16344,0.04947
15,0.61796,71.16012,17,-0.32439,-0.16493,0.05055
15,0.61796,71.16012,18,-0.31537,-0.16595,0.04922
15,0.61796,71.16012,19,-0.30984,-0.16637,0.04918
15,0.61796,71.16012,20,-0.30647,-0.16698,0.04886
15,0.61796,71.16012,21,-0.30551,-0.16697,0.049
15,0.61796,71.16012,22,-0.30548,-0.16709,0.04952
15,0.61796,71.16012,23,-0.30546,-0.16714,0.04977
16,0.61796,71.16012,1,0.44035,-0.41197,0.42617
16,0.61796,71.16012,2,0.36165,-0.40985,0.37385
16,0.61796,71.16012,3,0.28803,-0.36652,0.31547
16,0.61796,71.16012,4,0.21484,-0.32344,0.2434
16,0.61796,71.16012,5,0.14209,-0.28063,0.15774
16,0.61796,71.16012,6,0.06727,-0.24324,0.08346
16,0.61796,71.16012,7,-0.01604,-0.22402,0.08233
16,0.61796,71.16012,8,-0.09827,-0.2084,0.08147
16,0.61796,71.16012,9,-0.17981,-0.19425,0.07225
16,0.61796,71.16012,10,-0.25645,-0.18101,0.07157
16,0.61796,71.16012,11,-0.32804,-0.16722,0.07584
16,0.61796,71.16012,12,-0.3963,-0.15298,0.07835
16,0.61796,71.16012,13,-0.39361,-0.1533,0.07846
16,0.61796,71.16012,14,-0.37243,-0.157,0.07376
16,0.61796,71.16012,15,-0.35272,-0.16013,0.06114
16,0.61796,71.16012,16,-0.33604,-0.16344,0.04947
16,0.61796,71.16012,17,-0.32439,-0.16493,0.05055
16,0.61796,71.16012,18,-0.31537,-0.16595,0.04922
16,0.61796,71.16012,19,-0.30984,-0.16637,0.04918
16,0.61796,71.16012,20,-0.30647,-0.16698,0.04886
16,0.61796,71.16012,21,-0.30551,-0.16697,0.049
16,0.61796,71.16012,22,-0.30548,-0.16709,0.04952
16,0.61796,71.16012,23,-0.30546,-0.16714,0.04977
17,0.61796,71.16012,1,0.44035,-0.41197,0.42617
17,0.61796,71.16012,2,0.36165,-0.40985,0.37385
17,0.61796,71.16012,3,0.28803,-0.36652,0.31547
17,0.61796,71.16012,4,0.21484,-0.32344,0.2434
17,0.61796,71.16012,5,0.14209,-0.28063,0.15774
17,0.61796,71.16012,6,0.06727,-0.24324,0.08346
17,0.61796,71.16012,7,-0.01604,-0.22402,0.08233
17,0.61796,71.16012,8,-0.09827,-0.2084,0.08147
17,0.61796,71.16012,9,-0.17981,-0.19425,0.07225
17,0.61796,71.16012,10,-0.25645,-0.18101,0.07157
17,0.61796,71.16012,11,-0.32804,-0.16722,0.07584
17,0.61796,71.16012,12,-0.3963,-0.15298,0.07835
17,0.61796,71.16012,13,-0.39361,-0.1533,0.07846
17,0.61796,71.16012,14,-0.37243,-0.157,0.07376
17,0.61796,71.16012,15,-0.35272,-0.16013,0.06114
17,0.61796,71.16012,16,-0.33604,-0.16344,0.04947
17,0.61796,71.16012,17,-0.32439,-0.16493,0.05055
17,0.61796,71.16012,18,-0.31537,-0.16595,0.04922
17,0.61796,71.16012,19,-0.30984,-0.16637,0.04918
17,0.61796,71.16012,20,-0.30647,-0.16698,0.04886
17,0.61796,71.16012,21,-0.30551,-0.16697,0.049
17,0.61796,71.16012,22,-0.30548,-0.16709,0.04952
17,0.61796,71.16012,23,-0.30546,-0.16714,0.04977
18,0.61796,71.16012,1,0.44035,-0.41197,0.42617
18,0.61796,71.16012,2,0.36165,-0.40985,0.37385
18,0.61796,71.16012,3,0.28803,-0.36652,0.31547
18,0.61796,71.16012,4,0.21484,-0.32344,0.2434
18,0.61796,71.16012,5,0.14209,-0.28063,0.15774
18,0.61796,71.16012,6,0.06727,-0.24324,0.08346
18,0.61796,71.16012,7,-0.01604,-0.22402,0.08233
18,0.61796,71.16012,8,-0.09827,-0.2084,0.08147
18,0.61796,71.16012,9,-0.17981,-0.19425,0.07225
18,0.61796,71.16012,10,-0.25645,-0.18101,0.07157
18,0.61796,71.16012,11,-0.32804,-0.16722,0.07584
18,0.61796,71.16012,12,-0.3963,-0.15298,0.07835
18,0.61796,71.16012,13,-0.39361,-0.1533,0.07846
18,0.61796,71.16012,14,-0.37243,-0.157,0.07376
18,0.61796,71.16012,15,-0.35272,-0.16013,0.06114
18,0.61796,71.16012,16,-0.33604,-0.16344,0.04947
18,0.61796,71.16012,17,-0.32439,-0.16493,0.05055
18,0.61796,71.16012,18,-0.31537,-0.16595,0.04922
18,0.61796,71.16012,19,-0.30984,-0.16637,0.04918
18,0.61796,71.16012,20,-0.30647,-0.16698,0.04886
18,0.61796,71.16012,21,-0.30551,-0.16697,0.049
18,0.61796,71.16012,22,-0.30548,-0.16709,0.04952
18,0.61796,71.16012,23,-0.30546,-0.16714,0.04977
19,0.61796,71.16012,1,0.44035,-0.41197,0.42617
19,0.61796,71.16012,2,0.36165,-0.40985,0.37385
19,0.61796,71.16012,3,0.28803,-0.36652,0.31547
19,0.61796,71.16012,4,0.21484,-0.32344,0.2434
19,0.61796,71.16012,5,0.14209,-0.28063,0.15774
19,0.61796,71.16012,6,0.06727,-0.24324,0.08346
19,0.61796,71.16012,7,-0.01604,-0.22402,0.08233
19,0.61796,71.16012,8,-0.09827,-0.2084,0.08147
19,0.61796,71.16012,9,-0.17981,-0.19425,0.07225
19,0.61796,71.16012,10,-0.25645,-0.18101,0.07157
19,0.61796,71.16012,11,-0.32804,-0.16722,0.07584
19,0.61796,71.16012,12,-0.3963,-0.15298,0.07835
19,0.61796,71.16012,13,-0.39361,-0.1533,0.07846
19,0.61796,71.16012,14,-0.37243,-0.157,0.07376
19,0.61796,71.16012,15,-0.35272,-0.16013,0.06114
19,0.61796,71.16012,16,-0.33604,-0.16344,0.04947
19,0.61796,71.16012,17,-0.32439,-0.16493,0.05055
19,0.61796,71.16012,18,-0.31537,-0.16595,0.04922
19,0.61796,71.16012,19,-0.30984,-0.16637,0.04918
19,0.61796,71.16012,20,-0.30647,-0.16698,0.04886
19,0.61796,71.16012,21,-0.30551,-0.16697,0.049
19,0.61796,71.16012,22,-0.30548,-0.16709,0.04952
19,0.61796,71.16012,23,-0.30546,-0.16714,0.04977
20,0.61796,71.16012,1,0.44035,-0.41197,0.42617
20,0.61796,71.16012,2,0.36165,-0.40985,0.37385
20,0.61796,71.16012,3,0.28803,-0.36652,0.31547
20,0.61796,71.16012,4,0.21484,-0.32344,0.2434
20,0.61796,71.16012,5,0.14209,-0.28063,0.15774
20,0.61796,71.16012,6,0.06727,-0.24324,0.08346
20,0.61796,71.16012,7,-0.01604,-0.22402,0.08233
20,0.61796,71.16012,8,-0.09827,-0.2084,0.08147
20,0.61796,71.16012,9,-0.17981,-0.19425,0.07225
20,0.61796,71.16012,10,-0.25645,-0.18101,0.07157
20,0.61796,71.16012,11,-0.32804,-0.16722,0.07584
20,0.61796,71.16012,12,-0.3963,-0.15298,0.07835
20,0.61796,71.16012,13,-0.39361,-0.1533,0.07846
20,0.61796,71.16012,14,-0.37243,-0.157,0.07376
20,0.61796,71.16012,15,-0.35272,-0.16013,0.06114
20,0.61796,71.16012,16,-0.33604,-0.16344,0.04947
20,0.61796,71.16012,17,-0.32439,-0.16493,0.05055
20,0.61796,71.16012,18,-0.31537,-0.16595,0.04922
20,0.61796,71.16012,19,-0.30984,-0.16637,0.04918
20,0.61796,71.16012,20,-0.30647,-0.16698,0.04886
20,0.61796,71.16012,21,-0.30551,-0.16697,0.049
20,0.61796,71.16012,22,-0.30548,-0.16709,0.04952
20,0.61796,71.16012,23,-0.30546,-0.16714,0.04977
