particle,elasticity,weight,frame,x,y,z
1,0.90936,376.89247,1,0.10547,-0.15267,0.20886
1,0.90936,376.89247,2,0.1776,-0.22646,0.09837
1,0.90936,376.89247,3,0.22878,-0.27883,0.14679
1,0.90936,376.89247,4,0.27972,-0.33094,0.18121
1,0.90936,376.89247,5,0.33042,-0.38281,0.20171
1,0.90936,376.89247,6,0.36973,-0.3792,0.21645
1,0.90936,376.89247,7,0.38979,-0.36688,0.22243
1,0.90936,376.89247,8,0.39001,-0.35264,0.21916
1,0.90936,376.89247,9,0.39001,-0.33841,0.20216
1,0.90936,376.89247,10,0.39001,-0.32422,0.17143
1,0.90936,376.89247,11,0.39001,-0.31007,0.12702
1,0.90936,376.89247,12,0.39001,-0.30088,0.10123
1,0.90936,376.89247,13,0.39001,-0.29563,0.09998
1,0.90936,376.89247,14,0.39,-0.2904,0.09998
1,0.90936,376.89247,15,0.39,-0.28519,0.09998
1,0.90936,376.89247,16,0.39,-0.28,0.09999
1,0.90936,376.89247,17,0.39,-0.27482,0.09999
1,0.90936,376.89247,18,0.39,-0.26966,0.09998
1,0.90936,376.89247,19,0.39,-0.26451,0.09999
1,0.90936,376.89247,20,0.39,-0.25939,0.09998
1,0.90936,376.89247,21,0.39,-0.25427,0.09998
1,0.90936,376.89247,22,0.39,-0.24918,0.09999
1,0.90936,376.89247,23,0.39,-0.2441,0.09998
1,0.90936,376.89247,24,0.39,-0.23904,0.09998
1,0.90936,376.89247,25,0.39,-0.234,0.09998
1,0.90936,376.89247,26,0.39,-0.22897,0.09998
1,0.90936,376.89247,27,0.39,-0.22395,0.09998
1,0.90936,376.89247,28,0.39,-0.21896,0.09998
1,0.90936,376.89247,29,0.39,-0.21398,0.09998
1,0.90936,376.89247,30,0.39,-0.20901,0.09998
1,0.90936,376.89247,31,0.39,-0.20406,0.09998
1,0.90936,376.89247,32,0.39,-0.19912,0.09998
1,0.90936,376.89247,33,0.39,-0.19421,0.09999
1,0.90936,376.89247,34,0.39,-0.1893,0.09998
1,0.90936,376.89247,35,0.39,-0.18441,0.09998
1,0.90936,376.89247,36,0.39,-0.17954,0.09998
1,0.90936,376.89247,37,0.39,-0.17468,0.09998
1,0.90936,376.89247,38,0.39,-0.16984,0.09998
1,0.90936,376.89247,39,0.39,-0.16501,0.09999
1,0.90936,376.89247,40,0.39,-0.16019,0.09998
1,0.90936,376.89247,41,0.39,-0.15539,0.09998
1,0.90936,376.89247,42,0.39,-0.15061,0.09998
1,0.90936,376.89247,43,0.39,-0.14584,0.09998
1,0.90936,376.89247,44,0.39,-0.14108,0.09999
1,0.90936,376.89247,45,0.39,-0.13634,0.09998
1,0.90936,376.89247,46,0.39,-0.13161,0.09998
1,0.90936,376.89247,47,0.39,-0.1269,0.09998
1,0.90936,376.89247,48,0.39,-0.1222,0.09998
1,0.90936,376.89247,49,0.39,-0.11752,0.09998
1,0.90936,376.89247,50,0.39,-0.11284,0.09998
1,0.90936,376.89247,51,0.39,-0.10819,0.09998
1,0.90936,376.89247,52,0.39,-0.10354,0.09998
1,0.90936,376.89247,53,0.39,-0.09891,0.09998
1,0.90936,376.89247,54,0.39,-0.0943,0.09998
1,0.90936,376.89247,55,0.39,-0.08969,0.09998
1,0.90936,376.89247,56,0.39,-0.0851,0.09998
1,0.90936,376.89247,57,0.39,-0.08053,0.09998
1,0.90936,376.89247,58,0.39,-0.07597,0.09999
1,0.90936,376.89247,59,0.39,-0.07142,0.09999
1,0.90936,376.89247,60,0.39,-0.06688,0.09999
1,0.90936,376.89247,61,0.39,-0.06236,0.09998
1,0.90936,376.89247,62,0.39,-0.05785,0.09998
1,0.90936,376.89247,63,0.39,-0.05335,0.09998
1,0.90936,376.89247,64,0.39,-0.04886,0.09998
1,0.90936,376.89247,65,0.39,-0.04439,0.09998
1,0.90936,376.89247,66,0.39,-0.03993,0.09998
1,0.90936,376.89247,67,0.39,-0.03549,0.09998
1,0.90936,376.89247,68,0.39,-0.03105,0.09999
1,0.90936,376.89247,69,0.39,-0.02663,0.09998
1,0.90936,376.89247,70,0.39,-0.02223,0.09998
1,0.90936,376.89247,71,0.39,-0.01783,0.09999
1,0.90936,376.89247,72,0.39,-0.01345,0.09998
1,0.90936,376.89247,73,0.39,-0.00907,0.09998
1,0.90936,376.89247,74,0.39,-0.00472,0.09998
1,0.90936,376.89247,75,0.39,-0.00037,0.09998
1,0.90936,376.89247,76,0.39,0.00396,0.09998
1,0.90936,376.89247,77,0.39,0.00828,0.09999
1,0.90936,376.89247,78,0.39,0.01259,0.09998
1,0.90936,376.89247,79,0.39,0.01689,0.09998
1,0.90936,376.89247,80,0.39,0.02118,0.09998
1,0.90936,376.89247,81,0.39,0.02545,0.09998
1,0.90936,376.89247,82,0.39,0.02971,0.09998
1,0.90936,376.89247,83,0.39,0.03397,0.09998
1,0.90936,376.89247,84,0.39,0.03821,0.09998
1,0.90936,376.89247,85,0.39,0.04244,0.09998
1,0.90936,376.89247,86,0.39,0.04665,0.09999
1,0.90936,376.89247,87,0.39,0.05086,0.09999
1,0.90936,376.89247,88,0.39,0.05505,0.09998
1,0.90936,376.89247,89,0.39,0.05923,0.09998
1,0.90936,376.89247,90,0.39,0.06341,0.09998
1,0.90936,376.89247,91,0.39,0.06757,0.09998
1,0.90936,376.89247,92,0.39,0.07171,0.09998
1,0.90936,376.89247,93,0.39,0.07585,0.09998
1,0.90936,376.89247,94,0.39,0.07998,0.09998
1,0.90936,376.89247,95,0.39,0.08409,0.09999
1,0.90936,376.89247,96,0.39,0.0882,0.09999
1,0.90936,376.89247,97,0.39,0.09229,0.09998
1,0.90936,376.89247,98,0.39,0.09638,0.09998
1,0.90936,376.89247,99,0.39,0.10045,0.09998
1,0.90936,376.89247,100,0.39,0.10451,0.09998
1,0.90936,376.89247,101,0.39,0.10856,0.09998
1,0.90936,376.89247,102,0.39,0.1126,0.09998
1,0.90936,376.89247,103,0.39,0.11663,0.09998
1,0.90936,376.89247,104,0.39,0.12065,0.09998
1,0.90936,376.89247,105,0.39,0.12465,0.09998
1,0.90936,376.89247,106,0.39,0.12865,0.09999
1,0.90936,376.89247,107,0.39,0.13264,0.09998
1,0.90936,376.89247,108,0.39,0.13662,0.09998
1,0.90936,376.89247,109,0.39,0.14058,0.09998
1,0.90936,376.89247,110,0.39,0.14454,0.09998
1,0.90936,376.89247,111,0.39,0.14848,0.09998
1,0.90936,376.89247,112,0.39,0.15242,0.09998
1,0.90936,376.89247,113,0.39,0.15634,0.09998
1,0.90936,376.89247,114,0.39,0.16026,0.09998
1,0.90936,376.89247,115,0.39,0.16416,0.09998
1,0.90936,376.89247,116,0.39,0.16806,0.09998
1,0.90936,376.89247,117,0.39,0.17194,0.09998
1,0.90936,376.89247,118,0.39,0.17582,0.09998
1,0.90936,376.89247,119,0.39,0.17968,0.09998
1,0.90936,376.89247,120,0.39,0.18354,0.09998
1,0.90936,376.89247,121,0.39,0.18738,0.09998
1,0.90936,376.89247,122,0.39,0.19122,0.09998
1,0.90936,376.89247,123,0.39,0.19505,0.09999
1,0.90936,376.89247,124,0.39,0.19886,0.09998
1,0.90936,376.89247,125,0.39,0.20267,0.09998
1,0.90936,376.89247,126,0.39,0.20646,0.09999
2,0.86622,327.62808,1,0.10547,-0.15267,0.20886
2,0.86622,327.62808,2,0.1776,-0.22646,0.09837
2,0.86622,327.62808,3,0.22878,-0.27883,0.14426
2,0.86622,327.62808,4,0.27973,-0.33095,0.17617
2,0.86622,327.62808,5,0.33043,-0.38283,0.19416
2,0.86622,327.62808,6,0.37018,-0.38011,0.20662
2,0.86622,327.62808,7,0.39001,-0.36879,0.21056
2,0.86622,327.62808,8,0.39001,-0.35565,0.20527
2,0.86622,327.62808,9,0.39001,-0.34253,0.18623
2,0.86622,327.62808,10,0.39001,-0.32944,0.15345
2,0.86622,327.62808,11,0.39001,-0.3164,0.107
2,0.86622,327.62808,12,0.39001,-0.31126,0.10951
2,0.86622,327.62808,13,0.39,-0.30712,0.10604
2,0.86622,327.62808,14,0.39001,-0.30299,0.09998
2,0.86622,327.62808,15,0.39001,-0.29889,0.09998
2,0.86622,327.62808,16,0.39,-0.29479,0.09998
2,0.86622,327.62808,17,0.39,-0.29071,0.09998
2,0.86622,327.62808,18,0.39,-0.28664,0.09998
2,0.86622,327.62808,19,0.39,-0.28259,0.09999
2,0.86622,327.62808,20,0.39,-0.27855,0.09998
2,0.86622,327.62808,21,0.39,-0.27452,0.09998
2,0.86622,327.62808,22,0.39,-0.27051,0.09998
2,0.86622,327.62808,23,0.39,-0.2665,0.09998
2,0.86622,327.62808,24,0.39,-0.26252,0.09998
2,0.86622,327.62808,25,0.39,-0.25854,0.09998
2,0.86622,327.62808,26,0.39,-0.25458,0.09998
2,0.86622,327.62808,27,0.39,-0.25063,0.09998
2,0.86622,327.62808,28,0.39,-0.24669,0.09998
2,0.86622,327.62808,29,0.39,-0.24276,0.09998
2,0.86622,327.62808,30,0.39,-0.23885,0.09998
2,0.86622,327.62808,31,0.39,-0.23495,0.09999
2,0.86622,327.62808,32,0.39,-0.23106,0.09998
2,0.86622,327.62808,33,0.39,-0.22718,0.09999
2,0.86622,327.62808,34,0.39,-0.22332,0.09998
2,0.86622,327.62808,35,0.39,-0.21947,0.09998
2,0.86622,327.62808,36,0.39,-0.21562,0.09998
2,0.86622,327.62808,37,0.39,-0.2118,0.09998
2,0.86622,327.62808,38,0.39,-0.20798,0.09998
2,0.86622,327.62808,39,0.39,-0.20417,0.09999
2,0.86622,327.62808,40,0.39,-0.20038,0.09999
2,0.86622,327.62808,41,0.39,-0.1966,0.09999
2,0.86622,327.62808,42,0.39,-0.19283,0.09998
2,0.86622,327.62808,43,0.39,-0.18907,0.09998
2,0.86622,327.62808,44,0.39,-0.18532,0.09998
2,0.86622,327.62808,45,0.39,-0.18158,0.09998
2,0.86622,327.62808,46,0.39,-0.17786,0.09998
2,0.86622,327.62808,47,0.39,-0.17414,0.09998
2,0.86622,327.62808,48,0.39,-0.17044,0.09998
2,0.86622,327.62808,49,0.39,-0.16675,0.09998
2,0.86622,327.62808,50,0.39,-0.16307,0.09998
2,0.86622,327.62808,51,0.39,-0.15939,0.09998
2,0.86622,327.62808,52,0.39,-0.15573,0.09998
2,0.86622,327.62808,53,0.39,-0.15209,0.09998
2,0.86622,327.62808,54,0.39,-0.14845,0.09998
2,0.86622,327.62808,55,0.39,-0.14482,0.09998
2,0.86622,327.62808,56,0.39,-0.1412,0.09999
2,0.86622,327.62808,57,0.39,-0.1376,0.09999
2,0.86622,327.62808,58,0.39,-0.134,0.09999
2,0.86622,327.62808,59,0.39,-0.13041,0.09998
2,0.86622,327.62808,60,0.39,-0.12684,0.09999
2,0.86622,327.62808,61,0.39,-0.12327,0.09999
2,0.86622,327.62808,62,0.39,-0.11972,0.09999
2,0.86622,327.62808,63,0.39,-0.11617,0.09999
2,0.86622,327.62808,64,0.39,-0.11264,0.09998
2,0.86622,327.62808,65,0.39,-0.10912,0.09998
2,0.86622,327.62808,66,0.39,-0.1056,0.09998
2,0.86622,327.62808,67,0.39,-0.1021,0.09998
2,0.86622,327.62808,68,0.39,-0.0986,0.09998
2,0.86622,327.62808,69,0.39,-0.09512,0.09998
2,0.86622,327.62808,70,0.39,-0.09164,0.09998
2,0.86622,327.62808,71,0.39,-0.08818,0.09998
2,0.86622,327.62808,72,0.39,-0.08472,0.09998
2,0.86622,327.62808,73,0.39,-0.08128,0.09999
2,0.86622,327.62808,74,0.39,-0.07784,0.09999
2,0.86622,327.62808,75,0.39,-0.07441,0.09999
2,0.86622,327.62808,76,0.39,-0.071,0.09998
2,0.86622,327.62808,77,0.39,-0.06759,0.09998
2,0.86622,327.62808,78,0.39,-0.06419,0.09998
2,0.86622,327.62808,79,0.39,-0.0608,0.09998
2,0.86622,327.62808,80,0.39,-0.05742,0.09998
2,0.86622,327.62808,81,0.39,-0.05405,0.09998
2,0.86622,327.62808,82,0.39,-0.05069,0.09998
2,0.86622,327.62808,83,0.39,-0.04734,0.09998
2,0.86622,327.62808,84,0.39,-0.04399,0.09998
2,0.86622,327.62808,85,0.39,-0.04066,0.09998
2,0.86622,327.62808,86,0.39,-0.03734,0.09998
2,0.86622,327.62808,87,0.39,-0.03402,0.09998
2,0.86622,327.62808,88,0.39,-0.03071,0.09998
2,0.86622,327.62808,89,0.39,-0.02741,0.09998
2,0.86622,327.62808,90,0.39,-0.02413,0.09998
2,0.86622,327.62808,91,0.39,-0.02084,0.09998
2,0.86622,327.62808,92,0.39,-0.01757,0.09998
2,0.86622,327.62808,93,0.39,-0.01431,0.09998
2,0.86622,327.62808,94,0.39,-0.01106,0.09998
2,0.86622,327.62808,95,0.39,-0.00781,0.09999
2,0.86622,327.62808,96,0.39,-0.00457,0.09998
2,0.86622,327.62808,97,0.39,-0.00135,0.09999
2,0.86622,327.62808,98,0.39,0.00186,0.09998
2,0.86622,327.62808,99,0.39,0.00508,0.09998
2,0.86622,327.62808,100,0.39,0.00828,0.09998
2,0.86622,327.62808,101,0.39,0.01147,0.09998
2,0.86622,327.62808,102,0.39,0.01466,0.09998
2,0.86622,327.62808,103,0.39,0.01784,0.09998
2,0.86622,327.62808,104,0.39,0.02101,0.09998
2,0.86622,327.62808,105,0.39,0.02417,0.09998
2,0.86622,327.62808,106,0.39,0.02732,0.09998
2,0.86622,327.62808,107,0.39,0.03047,0.09998
2,0.86622,327.62808,108,0.39,0.0336,0.09998
2,0.86622,327.62808,109,0.39,0.03673,0.09998
2,0.86622,327.62808,110,0.39,0.03985,0.09998
2,0.86622,327.62808,111,0.39,0.04296,0.09998
2,0.86622,327.62808,112,0.39,0.04607,0.09998
2,0.86622,327.62808,113,0.39,0.04916,0.09998
2,0.86622,327.62808,114,0.39,0.05225,0.09998
2,0.86622,327.62808,115,0.39,0.05533,0.09998
2,0.86622,327.62808,116,0.39,0.05841,0.09998
2,0.86622,327.62808,117,0.39,0.06147,0.09998
2,0.86622,327.62808,118,0.39,0.06453,0.09998
2,0.86622,327.62808,119,0.39,0.06758,0.09998
2,0.86622,327.62808,120,0.39,0.07062,0.09998
2,0.86622,327.62808,121,0.39,0.07365,0.09998
2,0.86622,327.62808,122,0.39,0.07668,0.09998
2,0.86622,327.62808,123,0.39,0.0797,0.09998
2,0.86622,327.62808,124,0.39,0.08271,0.09998
2,0.86622,327.62808,125,0.39,0.08571,0.09998
2,0.86622,327.62808,126,0.39,0.08871,0.09998
3,0.90785,382.79939,1,0.10547,-0.15267,0.20886
3,0.90785,382.79939,2,0.1776,-0.22646,0.09837
3,0.90785,382.79939,3,0.22878,-0.27883,0.1467
3,0.90785,382.79939,4,0.27972,-0.33094,0.18104
3,0.90785,382.79939,5,0.33042,-0.38282,0.20144
3,0.90785,382.79939,6,0.36974,-0.37923,0.21611
3,0.90785,382.79939,7,0.38976,-0.36694,0.22203
3,0.90785,382.79939,8,0.39001,-0.35274,0.21867
3,0.90785,382.79939,9,0.39001,-0.33855,0.20161
3,0.90785,382.79939,10,0.39001,-0.3244,0.17081
3,0.90785,382.79939,11,0.39001,-0.31029,0.12633
3,0.90785,382.79939,12,0.39001,-0.30117,0.10414
3,0.90785,382.79939,13,0.39001,-0.29603,0.09998
3,0.90785,382.79939,14,0.39001,-0.29091,0.09998
3,0.90785,382.79939,15,0.39,-0.2858,0.09998
3,0.90785,382.79939,16,0.39,-0.28071,0.09998
3,0.90785,382.79939,17,0.39,-0.27564,0.09999
3,0.90785,382.79939,18,0.39,-0.27059,0.09998
3,0.90785,382.79939,19,0.39,-0.26555,0.09999
3,0.90785,382.79939,20,0.39,-0.26053,0.09998
3,0.90785,382.79939,21,0.39,-0.25552,0.09999
3,0.90785,382.79939,22,0.39,-0.25053,0.09998
3,0.90785,382.79939,23,0.39,-0.24556,0.09998
3,0.90785,382.79939,24,0.39,-0.2406,0.09998
3,0.90785,382.79939,25,0.39,-0.23566,0.09998
3,0.90785,382.79939,26,0.39,-0.23074,0.09998
3,0.90785,382.79939,27,0.39,-0.22583,0.09998
3,0.90785,382.79939,28,0.39,-0.22093,0.09998
3,0.90785,382.79939,29,0.39,-0.21605,0.09998
3,0.90785,382.79939,30,0.39,-0.21119,0.09998
3,0.90785,382.79939,31,0.39,-0.20634,0.09998
3,0.90785,382.79939,32,0.39,-0.20151,0.09998
3,0.90785,382.79939,33,0.39,-0.1967,0.09998
3,0.90785,382.79939,34,0.39,-0.19189,0.09998
3,0.90785,382.79939,35,0.39,-0.18711,0.09999
3,0.90785,382.79939,36,0.39,-0.18233,0.09998
3,0.90785,382.79939,37,0.39,-0.17758,0.09999
3,0.90785,382.79939,38,0.39,-0.17283,0.09999
3,0.90785,382.79939,39,0.39,-0.16811,0.09999
3,0.90785,382.79939,40,0.39,-0.16339,0.09998
3,0.90785,382.79939,41,0.39,-0.15869,0.09999
3,0.90785,382.79939,42,0.39,-0.15401,0.09998
3,0.90785,382.79939,43,0.39,-0.14934,0.09998
3,0.90785,382.79939,44,0.39,-0.14468,0.09998
3,0.90785,382.79939,45,0.39,-0.14004,0.09999
3,0.90785,382.79939,46,0.39,-0.13541,0.09999
3,0.90785,382.79939,47,0.39,-0.1308,0.09998
3,0.90785,382.79939,48,0.39,-0.1262,0.09998
3,0.90785,382.79939,49,0.39,-0.12161,0.09998
3,0.90785,382.79939,50,0.39,-0.11704,0.09998
3,0.90785,382.79939,51,0.39,-0.11248,0.09998
3,0.90785,382.79939,52,0.39,-0.10793,0.09998
3,0.90785,382.79939,53,0.39,-0.1034,0.09999
3,0.90785,382.79939,54,0.39,-0.09888,0.09999
3,0.90785,382.79939,55,0.39,-0.09437,0.09999
3,0.90785,382.79939,56,0.39,-0.08988,0.09998
3,0.90785,382.79939,57,0.39,-0.0854,0.09998
3,0.90785,382.79939,58,0.39,-0.08093,0.09998
3,0.90785,382.79939,59,0.39,-0.07648,0.09998
3,0.90785,382.79939,60,0.39,-0.07204,0.09999
3,0.90785,382.79939,61,0.39,-0.06761,0.09999
3,0.90785,382.79939,62,0.39,-0.0632,0.09999
3,0.90785,382.79939,63,0.39,-0.0588,0.09999
3,0.90785,382.79939,64,0.39,-0.05441,0.09998
3,0.90785,382.79939,65,0.39,-0.05003,0.09998
3,0.90785,382.79939,66,0.39,-0.04566,0.09998
3,0.90785,382.79939,67,0.39,-0.04131,0.09998
3,0.90785,382.79939,68,0.39,-0.03697,0.09998
3,0.90785,382.79939,69,0.39,-0.03265,0.09998
3,0.90785,382.79939,70,0.39,-0.02833,0.09999
3,0.90785,382.79939,71,0.39,-0.02403,0.09999
3,0.90785,382.79939,72,0.39,-0.01974,0.09999
3,0.90785,382.79939,73,0.39,-0.01546,0.09999
3,0.90785,382.79939,74,0.39,-0.01119,0.09998
3,0.90785,382.79939,75,0.39,-0.00694,0.09998
3,0.90785,382.79939,76,0.39,-0.0027,0.09998
3,0.90785,382.79939,77,0.39,0.00153,0.09998
3,0.90785,382.79939,78,0.39,0.00574,0.09998
3,0.90785,382.79939,79,0.39,0.00995,0.09998
3,0.90785,382.79939,80,0.39,0.01415,0.09999
3,0.90785,382.79939,81,0.39,0.01833,0.09998
3,0.90785,382.79939,82,0.39,0.0225,0.09998
3,0.90785,382.79939,83,0.39,0.02667,0.09998
3,0.90785,382.79939,84,0.39,0.03081,0.09998
3,0.90785,382.79939,85,0.39,0.03495,0.09998
3,0.90785,382.79939,86,0.39,0.03908,0.09998
3,0.90785,382.79939,87,0.39,0.0432,0.09998
3,0.90785,382.79939,88,0.39,0.0473,0.09999
3,0.90785,382.79939,89,0.39,0.05139,0.09999
3,0.90785,382.79939,90,0.39,0.05548,0.09998
3,0.90785,382.79939,91,0.39,0.05955,0.09998
3,0.90785,382.79939,92,0.39,0.06361,0.09998
3,0.90785,382.79939,93,0.39,0.06766,0.09998
3,0.90785,382.79939,94,0.39,0.0717,0.09998
3,0.90785,382.79939,95,0.39,0.07572,0.09998
3,0.90785,382.79939,96,0.39,0.07974,0.09999
3,0.90785,382.79939,97,0.39,0.08375,0.09998
3,0.90785,382.79939,98,0.39,0.08774,0.09999
3,0.90785,382.79939,99,0.39,0.09173,0.09999
3,0.90785,382.79939,100,0.39,0.0957,0.09998
3,0.90785,382.79939,101,0.39,0.09966,0.09999
3,0.90785,382.79939,102,0.39,0.10362,0.09998
3,0.90785,382.79939,103,0.39,0.10756,0.09998
3,0.90785,382.79939,104,0.39,0.11149,0.09998
3,0.90785,382.79939,105,0.39,0.11541,0.09998
3,0.90785,382.79939,106,0.39,0.11933,0.09998
3,0.90785,382.79939,107,0.39,0.12323,0.09998
3,0.90785,382.79939,108,0.39,0.12712,0.09998
3,0.90785,382.79939,109,0.39,0.131,0.09998
3,0.90785,382.79939,110,0.39,0.13487,0.09998
3,0.90785,382.79939,111,0.39,0.13873,0.09998
3,0.90785,382.79939,112,0.39,0.14258,0.09998
3,0.90785,382.79939,113,0.39,0.14642,0.09998
3,0.90785,382.79939,114,0.39,0.15025,0.09998
3,0.90785,382.79939,115,0.39,0.15407,0.09998
3,0.90785,382.79939,116,0.39,0.15789,0.09998
3,0.90785,382.79939,117,0.39,0.16169,0.09998
3,0.90785,382.79939,118,0.39,0.16548,0.09998
3,0.90785,382.79939,119,0.39,0.16926,0.09998
3,0.90785,382.79939,120,0.39,0.17303,0.09998
3,0.90785,382.79939,121,0.39,0.17679,0.09998
3,0.90785,382.79939,122,0.39,0.18055,0.09999
3,0.90785,382.79939,123,0.39,0.18429,0.09999
3,0.90785,382.79939,124,0.39,0.18802,0.09998
3,0.90785,382.79939,125,0.39,0.19175,0.09998
3,0.90785,382.79939,126,0.39,0.19546,0.09998
4,0.90936,359.31758,1,0.10547,-0.15267,0.20886
4,0.90936,359.31758,2,0.1776,-0.22646,0.09837
4,0.90936,359.31758,3,0.22878,-0.27883,0.14679
4,0.90936,359.31758,4,0.27972,-0.33094,0.18121
4,0.90936,359.31758,5,0.33042,-0.38281,0.20171
4,0.90936,359.31758,6,0.36973,-0.3792,0.21645
4,0.90936,359.31758,7,0.38979,-0.36688,0.22243
4,0.90936,359.31758,8,0.39001,-0.35264,0.21916
4,0.90936,359.31758,9,0.39001,-0.33841,0.20216
4,0.90936,359.31758,10,0.39001,-0.32422,0.17143
4,0.90936,359.31758,11,0.39001,-0.31007,0.12702
4,0.90936,359.31758,12,0.39001,-0.30088,0.10123
4,0.90936,359.31758,13,0.39001,-0.29563,0.09998
4,0.90936,359.31758,14,0.39,-0.2904,0.09998
4,0.90936,359.31758,15,0.39,-0.28519,0.09998
4,0.90936,359.31758,16,0.39,-0.28,0.09999
4,0.90936,359.31758,17,0.39,-0.27482,0.09999
4,0.90936,359.31758,18,0.39,-0.26966,0.09998
4,0.90936,359.31758,19,0.39,-0.26451,0.09999
4,0.90936,359.31758,20,0.39,-0.25939,0.09998
4,0.90936,359.31758,21,0.39,-0.25427,0.09998
4,0.90936,359.31758,22,0.39,-0.24918,0.09999
4,0.90936,359.31758,23,0.39,-0.2441,0.09998
4,0.90936,359.31758,24,0.39,-0.23904,0.09998
4,0.90936,359.31758,25,0.39,-0.234,0.09998
4,0.90936,359.31758,26,0.39,-0.22897,0.09998
4,0.90936,359.31758,27,0.39,-0.22395,0.09998
4,0.90936,359.31758,28,0.39,-0.21896,0.09998
4,0.90936,359.31758,29,0.39,-0.21398,0.09998
4,0.90936,359.31758,30,0.39,-0.20901,0.09998
4,0.90936,359.31758,31,0.39,-0.20406,0.09998
4,0.90936,359.31758,32,0.39,-0.19912,0.09998
4,0.90936,359.31758,33,0.39,-0.19421,0.09999
4,0.90936,359.31758,34,0.39,-0.1893,0.09998
4,0.90936,359.31758,35,0.39,-0.18441,0.09998
4,0.90936,359.31758,36,0.39,-0.17954,0.09998
4,0.90936,359.31758,37,0.39,-0.17468,0.09998
4,0.90936,359.31758,38,0.39,-0.16984,0.09998
4,0.90936,359.31758,39,0.39,-0.16501,0.09999
4,0.90936,359.31758,40,0.39,-0.16019,0.09998
4,0.90936,359.31758,41,0.39,-0.15539,0.09998
4,0.90936,359.31758,42,0.39,-0.15061,0.09998
4,0.90936,359.31758,43,0.39,-0.14584,0.09998
4,0.90936,359.31758,44,0.39,-0.14108,0.09999
4,0.90936,359.31758,45,0.39,-0.13634,0.09998
4,0.90936,359.31758,46,0.39,-0.13161,0.09998
4,0.90936,359.31758,47,0.39,-0.1269,0.09998
4,0.90936,359.31758,48,0.39,-0.1222,0.09998
4,0.90936,359.31758,49,0.39,-0.11752,0.09998
4,0.90936,359.31758,50,0.39,-0.11284,0.09998
4,0.90936,359.31758,51,0.39,-0.10819,0.09998
4,0.90936,359.31758,52,0.39,-0.10354,0.09998
4,0.90936,359.31758,53,0.39,-0.09891,0.09998
4,0.90936,359.31758,54,0.39,-0.0943,0.09998
4,0.90936,359.31758,55,0.39,-0.08969,0.09998
4,0.90936,359.31758,56,0.39,-0.0851,0.09998
4,0.90936,359.31758,57,0.39,-0.08053,0.09998
4,0.90936,359.31758,58,0.39,-0.07597,0.09999
4,0.90936,359.31758,59,0.39,-0.07142,0.09999
4,0.90936,359.31758,60,0.39,-0.06688,0.09999
4,0.90936,359.31758,61,0.39,-0.06236,0.09998
4,0.90936,359.31758,62,0.39,-0.05785,0.09998
4,0.90936,359.31758,63,0.39,-0.05335,0.09998
4,0.90936,359.31758,64,0.39,-0.04886,0.09998
4,0.90936,359.31758,65,0.39,-0.04439,0.09998
4,0.90936,359.31758,66,0.39,-0.03993,0.09998
4,0.90936,359.31758,67,0.39,-0.03549,0.09998
4,0.90936,359.31758,68,0.39,-0.03105,0.09999
4,0.90936,359.31758,69,0.39,-0.02663,0.09998
4,0.90936,359.31758,70,0.39,-0.02223,0.09998
4,0.90936,359.31758,71,0.39,-0.01783,0.09999
4,0.90936,359.31758,72,0.39,-0.01345,0.09998
4,0.90936,359.31758,73,0.39,-0.00907,0.09998
4,0.90936,359.31758,74,0.39,-0.00472,0.09998
4,0.90936,359.31758,75,0.39,-0.00037,0.09998
4,0.90936,359.31758,76,0.39,0.00396,0.09998
4,0.90936,359.31758,77,0.39,0.00828,0.09999
4,0.90936,359.31758,78,0.39,0.01259,0.09998
4,0.90936,359.31758,79,0.39,0.01689,0.09998
4,0.90936,359.31758,80,0.39,0.02118,0.09998
4,0.90936,359.31758,81,0.39,0.02545,0.09998
4,0.90936,359.31758,82,0.39,0.02971,0.09998
4,0.90936,359.31758,83,0.39,0.03397,0.09998
4,0.90936,359.31758,84,0.39,0.03821,0.09998
4,0.90936,359.31758,85,0.39,0.04244,0.09998
4,0.90936,359.31758,86,0.39,0.04665,0.09999
4,0.90936,359.31758,87,0.39,0.05086,0.09999
4,0.90936,359.31758,88,0.39,0.05505,0.09998
4,0.90936,359.31758,89,0.39,0.05923,0.09998
4,0.90936,359.31758,90,0.39,0.06341,0.09998
4,0.90936,359.31758,91,0.39,0.06757,0.09998
4,0.90936,359.31758,92,0.39,0.07171,0.09998
4,0.90936,359.31758,93,0.39,0.07585,0.09998
4,0.90936,359.31758,94,0.39,0.07998,0.09998
4,0.90936,359.31758,95,0.39,0.08409,0.09999
4,0.90936,359.31758,96,0.39,0.0882,0.09999
4,0.90936,359.31758,97,0.39,0.09229,0.09998
4,0.90936,359.31758,98,0.39,0.09638,0.09998
4,0.90936,359.31758,99,0.39,0.10045,0.09998
4,0.90936,359.31758,100,0.39,0.10451,0.09998
4,0.90936,359.31758,101,0.39,0.10856,0.09998
4,0.90936,359.31758,102,0.39,0.1126,0.09998
4,0.90936,359.31758,103,0.39,0.11663,0.09998
4,0.90936,359.31758,104,0.39,0.12065,0.09998
4,0.90936,359.31758,105,0.39,0.12465,0.09998
4,0.90936,359.31758,106,0.39,0.12865,0.09999
4,0.90936,359.31758,107,0.39,0.13264,0.09998
4,0.90936,359.31758,108,0.39,0.13662,0.09998
4,0.90936,359.31758,109,0.39,0.14058,0.09998
4,0.90936,359.31758,110,0.39,0.14454,0.09998
4,0.90936,359.31758,111,0.39,0.14848,0.09998
4,0.90936,359.31758,112,0.39,0.15242,0.09998
4,0.90936,359.31758,113,0.39,0.15634,0.09998
4,0.90936,359.31758,114,0.39,0.16026,0.09998
4,0.90936,359.31758,115,0.39,0.16416,0.09998
4,0.90936,359.31758,116,0.39,0.16806,0.09998
4,0.90936,359.31758,117,0.39,0.17194,0.09998
4,0.90936,359.31758,118,0.39,0.17582,0.09998
4,0.90936,359.31758,119,0.39,0.17968,0.09998
4,0.90936,359.31758,120,0.39,0.18354,0.09998
4,0.90936,359.31758,121,0.39,0.18738,0.09998
4,0.90936,359.31758,122,0.39,0.19122,0.09998
4,0.90936,359.31758,123,0.39,0.19505,0.09999
4,0.90936,359.31758,124,0.39,0.19886,0.09998
4,0.90936,359.31758,125,0.39,0.20267,0.09998
4,0.90936,359.31758,126,0.39,0.20646,0.09999
5,0.90936,368.58131,1,0.10547,-0.15267,0.20886
5,0.90936,368.58131,2,0.1776,-0.22646,0.09837
5,0.90936,368.58131,3,0.22878,-0.27883,0.14679
5,0.90936,368.58131,4,0.27972,-0.33094,0.18121
5,0.90936,368.58131,5,0.33042,-0.38281,0.20171
5,0.90936,368.58131,6,0.36973,-0.3792,0.21645
5,0.90936,368.58131,7,0.38979,-0.36688,0.22243
5,0.90936,368.58131,8,0.39001,-0.35264,0.21916
5,0.90936,368.58131,9,0.39001,-0.33841,0.20216
5,0.90936,368.58131,10,0.39001,-0.32422,0.17143
5,0.90936,368.58131,11,0.39001,-0.31007,0.12702
5,0.90936,368.58131,12,0.39001,-0.30088,0.10123
5,0.90936,368.58131,13,0.39001,-0.29563,0.09998
5,0.90936,368.58131,14,0.39,-0.2904,0.09998
5,0.90936,368.58131,15,0.39,-0.28519,0.09998
5,0.90936,368.58131,16,0.39,-0.28,0.09999
5,0.90936,368.58131,17,0.39,-0.27482,0.09999
5,0.90936,368.58131,18,0.39,-0.26966,0.09998
5,0.90936,368.58131,19,0.39,-0.26451,0.09999
5,0.90936,368.58131,20,0.39,-0.25939,0.09998
5,0.90936,368.58131,21,0.39,-0.25427,0.09998
5,0.90936,368.58131,22,0.39,-0.24918,0.09999
5,0.90936,368.58131,23,0.39,-0.2441,0.09998
5,0.90936,368.58131,24,0.39,-0.23904,0.09998
5,0.90936,368.58131,25,0.39,-0.234,0.09998
5,0.90936,368.58131,26,0.39,-0.22897,0.09998
5,0.90936,368.58131,27,0.39,-0.22395,0.09998
5,0.90936,368.58131,28,0.39,-0.21896,0.09998
5,0.90936,368.58131,29,0.39,-0.21398,0.09998
5,0.90936,368.58131,30,0.39,-0.20901,0.09998
5,0.90936,368.58131,31,0.39,-0.20406,0.09998
5,0.90936,368.58131,32,0.39,-0.19912,0.09998
5,0.90936,368.58131,33,0.39,-0.19421,0.09999
5,0.90936,368.58131,34,0.39,-0.1893,0.09998
5,0.90936,368.58131,35,0.39,-0.18441,0.09998
5,0.90936,368.58131,36,0.39,-0.17954,0.09998
5,0.90936,368.58131,37,0.39,-0.17468,0.09998
5,0.90936,368.58131,38,0.39,-0.16984,0.09998
5,0.90936,368.58131,39,0.39,-0.16501,0.09999
5,0.90936,368.58131,40,0.39,-0.16019,0.09998
5,0.90936,368.58131,41,0.39,-0.15539,0.09998
5,0.90936,368.58131,42,0.39,-0.15061,0.09998
5,0.90936,368.58131,43,0.39,-0.14584,0.09998
5,0.90936,368.58131,44,0.39,-0.14108,0.09999
5,0.90936,368.58131,45,0.39,-0.13634,0.09998
5,0.90936,368.58131,46,0.39,-0.13161,0.09998
5,0.90936,368.58131,47,0.39,-0.1269,0.09998
5,0.90936,368.58131,48,0.39,-0.1222,0.09998
5,0.90936,368.58131,49,0.39,-0.11752,0.09998
5,0.90936,368.58131,50,0.39,-0.11284,0.09998
5,0.90936,368.58131,51,0.39,-0.10819,0.09998
5,0.90936,368.58131,52,0.39,-0.10354,0.09998
5,0.90936,368.58131,53,0.39,-0.09891,0.09998
5,0.90936,368.58131,54,0.39,-0.0943,0.09998
5,0.90936,368.58131,55,0.39,-0.08969,0.09998
5,0.90936,368.58131,56,0.39,-0.0851,0.09998
5,0.90936,368.58131,57,0.39,-0.08053,0.09998
5,0.90936,368.58131,58,0.39,-0.07597,0.09999
5,0.90936,368.58131,59,0.39,-0.07142,0.09999
5,0.90936,368.58131,60,0.39,-0.06688,0.09999
5,0.90936,368.58131,61,0.39,-0.06236,0.09998
5,0.90936,368.58131,62,0.39,-0.05785,0.09998
5,0.90936,368.58131,63,0.39,-0.05335,0.09998
5,0.90936,368.58131,64,0.39,-0.04886,0.09998
5,0.90936,368.58131,65,0.39,-0.04439,0.09998
5,0.90936,368.58131,66,0.39,-0.03993,0.09998
5,0.90936,368.58131,67,0.39,-0.03549,0.09998
5,0.90936,368.58131,68,0.39,-0.03105,0.09999
5,0.90936,368.58131,69,0.39,-0.02663,0.09998
5,0.90936,368.58131,70,0.39,-0.02223,0.09998
5,0.90936,368.58131,71,0.39,-0.01783,0.09999
5,0.90936,368.58131,72,0.39,-0.01345,0.09998
5,0.90936,368.58131,73,0.39,-0.00907,0.09998
5,0.90936,368.58131,74,0.39,-0.00472,0.09998
5,0.90936,368.58131,75,0.39,-0.00037,0.09998
5,0.90936,368.58131,76,0.39,0.00396,0.09998
5,0.90936,368.58131,77,0.39,0.00828,0.09999
5,0.90936,368.58131,78,0.39,0.01259,0.09998
5,0.90936,368.58131,79,0.39,0.01689,0.09998
5,0.90936,368.58131,80,0.39,0.02118,0.09998
5,0.90936,368.58131,81,0.39,0.02545,0.09998
5,0.90936,368.58131,82,0.39,0.02971,0.09998
5,0.90936,368.58131,83,0.39,0.03397,0.09998
5,0.90936,368.58131,84,0.39,0.03821,0.09998
5,0.90936,368.58131,85,0.39,0.04244,0.09998
5,0.90936,368.58131,86,0.39,0.04665,0.09999
5,0.90936,368.58131,87,0.39,0.05086,0.09999
5,0.90936,368.58131,88,0.39,0.05505,0.09998
5,0.90936,368.58131,89,0.39,0.05923,0.09998
5,0.90936,368.58131,90,0.39,0.06341,0.09998
5,0.90936,368.58131,91,0.39,0.06757,0.09998
5,0.90936,368.58131,92,0.39,0.07171,0.09998
5,0.90936,368.58131,93,0.39,0.07585,0.09998
5,0.90936,368.58131,94,0.39,0.07998,0.09998
5,0.90936,368.58131,95,0.39,0.08409,0.09999
5,0.90936,368.58131,96,0.39,0.0882,0.09999
5,0.90936,368.58131,97,0.39,0.09229,0.09998
5,0.90936,368.58131,98,0.39,0.09638,0.09998
5,0.90936,368.58131,99,0.39,0.10045,0.09998
5,0.90936,368.58131,100,0.39,0.10451,0.09998
5,0.90936,368.58131,101,0.39,0.10856,0.09998
5,0.90936,368.58131,102,0.39,0.1126,0.09998
5,0.90936,368.58131,103,0.39,0.11663,0.09998
5,0.90936,368.58131,104,0.39,0.12065,0.09998
5,0.90936,368.58131,105,0.39,0.12465,0.09998
5,0.90936,368.58131,106,0.39,0.12865,0.09999
5,0.90936,368.58131,107,0.39,0.13264,0.09998
5,0.90936,368.58131,108,0.39,0.13662,0.09998
5,0.90936,368.58131,109,0.39,0.14058,0.09998
5,0.90936,368.58131,110,0.39,0.14454,0.09998
5,0.90936,368.58131,111,0.39,0.14848,0.09998
5,0.90936,368.58131,112,0.39,0.15242,0.09998
5,0.90936,368.58131,113,0.39,0.15634,0.09998
5,0.90936,368.58131,114,0.39,0.16026,0.09998
5,0.90936,368.58131,115,0.39,0.16416,0.09998
5,0.90936,368.58131,116,0.39,0.16806,0.09998
5,0.90936,368.58131,117,0.39,0.17194,0.09998
5,0.90936,368.58131,118,0.39,0.17582,0.09998
5,0.90936,368.58131,119,0.39,0.17968,0.09998
5,0.90936,368.58131,120,0.39,0.18354,0.09998
5,0.90936,368.58131,121,0.39,0.18738,0.09998
5,0.90936,368.58131,122,0.39,0.19122,0.09998
5,0.90936,368.58131,123,0.39,0.19505,0.09999
5,0.90936,368.58131,124,0.39,0.19886,0.09998
5,0.90936,368.58131,125,0.39,0.20267,0.09998
5,0.90936,368.58131,126,0.39,0.20646,0.09999
6,0.90925,384.04244,1,0.10547,-0.15267,0.20886
6,0.90925,384.04244,2,0.1776,-0.22646,0.09837
6,0.90925,384.04244,3,0.22878,-0.27883,0.14679
6,0.90925,384.04244,4,0.27972,-0.33094,0.1812
6,0.90925,384.04244,5,0.33042,-0.38281,0.20169
6,0.90925,384.04244,6,0.36973,-0.3792,0.21643
6,0.90925,384.04244,7,0.38978,-0.36688,0.2224
6,0.90925,384.04244,8,0.39001,-0.35264,0.21912
6,0.90925,384.04244,9,0.39001,-0.33842,0.20212
6,0.90925,384.04244,10,0.39001,-0.32423,0.17139
6,0.90925,384.04244,11,0.39001,-0.31009,0.12697
6,0.90925,384.04244,12,0.39001,-0.30089,0.10144
6,0.90925,384.04244,13,0.39001,-0.29562,0.09999
6,0.90925,384.04244,14,0.39,-0.29038,0.09998
6,0.90925,384.04244,15,0.39,-0.28515,0.09998
6,0.90925,384.04244,16,0.39,-0.27993,0.09998
6,0.90925,384.04244,17,0.39,-0.27474,0.09999
6,0.90925,384.04244,18,0.39,-0.26956,0.09998
6,0.90925,384.04244,19,0.39,-0.2644,0.09999
6,0.90925,384.04244,20,0.39,-0.25926,0.09999
6,0.90925,384.04244,21,0.39,-0.25413,0.09998
6,0.90925,384.04244,22,0.39,-0.24902,0.09999
6,0.90925,384.04244,23,0.39,-0.24392,0.09999
6,0.90925,384.04244,24,0.39,-0.23885,0.09998
6,0.90925,384.04244,25,0.39,-0.23378,0.09998
6,0.90925,384.04244,26,0.39,-0.22874,0.09998
6,0.90925,384.04244,27,0.39,-0.22371,0.09998
6,0.90925,384.04244,28,0.39,-0.21869,0.09999
6,0.90925,384.04244,29,0.39,-0.2137,0.09998
6,0.90925,384.04244,30,0.39,-0.20871,0.09998
6,0.90925,384.04244,31,0.39,-0.20375,0.09998
6,0.90925,384.04244,32,0.39,-0.1988,0.09998
6,0.90925,384.04244,33,0.39,-0.19386,0.09998
6,0.90925,384.04244,34,0.39,-0.18894,0.09999
6,0.90925,384.04244,35,0.39,-0.18403,0.09998
6,0.90925,384.04244,36,0.39,-0.17914,0.09998
6,0.90925,384.04244,37,0.39,-0.17427,0.09998
6,0.90925,384.04244,38,0.39,-0.16941,0.09998
6,0.90925,384.04244,39,0.39,-0.16456,0.09998
6,0.90925,384.04244,40,0.39,-0.15973,0.09998
6,0.90925,384.04244,41,0.39,-0.15492,0.09998
6,0.90925,384.04244,42,0.39,-0.15012,0.09998
6,0.90925,384.04244,43,0.39,-0.14533,0.09999
6,0.90925,384.04244,44,0.39,-0.14056,0.09998
6,0.90925,384.04244,45,0.39,-0.1358,0.09998
6,0.90925,384.04244,46,0.39,-0.13106,0.09998
6,0.90925,384.04244,47,0.39,-0.12633,0.09998
6,0.90925,384.04244,48,0.39,-0.12161,0.09998
6,0.90925,384.04244,49,0.39,-0.11691,0.09998
6,0.90925,384.04244,50,0.39,-0.11222,0.09998
6,0.90925,384.04244,51,0.39,-0.10755,0.09998
6,0.90925,384.04244,52,0.39,-0.10289,0.09998
6,0.90925,384.04244,53,0.39,-0.09824,0.09998
6,0.90925,384.04244,54,0.39,-0.09361,0.09998
6,0.90925,384.04244,55,0.39,-0.08899,0.09998
6,0.90925,384.04244,56,0.39,-0.08439,0.09998
6,0.90925,384.04244,57,0.39,-0.0798,0.09998
6,0.90925,384.04244,58,0.39,-0.07522,0.09998
6,0.90925,384.04244,59,0.39,-0.07065,0.09998
6,0.90925,384.04244,60,0.39,-0.0661,0.09998
6,0.90925,384.04244,61,0.39,-0.06156,0.09998
6,0.90925,384.04244,62,0.39,-0.05703,0.09998
6,0.90925,384.04244,63,0.39,-0.05252,0.09998
6,0.90925,384.04244,64,0.39,-0.04802,0.09998
6,0.90925,384.04244,65,0.39,-0.04354,0.09998
6,0.90925,384.04244,66,0.39,-0.03906,0.09998
6,0.90925,384.04244,67,0.39,-0.0346,0.09998
6,0.90925,384.04244,68,0.39,-0.03015,0.09998
6,0.90925,384.04244,69,0.39,-0.02571,0.09999
6,0.90925,384.04244,70,0.39,-0.02129,0.09998
6,0.90925,384.04244,71,0.39,-0.01688,0.09999
6,0.90925,384.04244,72,0.39,-0.01248,0.09998
6,0.90925,384.04244,73,0.39,-0.00809,0.09999
6,0.90925,384.04244,74,0.39,-0.00372,0.09998
6,0.90925,384.04244,75,0.39,0.00063,0.09998
6,0.90925,384.04244,76,0.39,0.00498,0.09999
6,0.90925,384.04244,77,0.39,0.00932,0.09999
6,0.90925,384.04244,78,0.39,0.01365,0.09999
6,0.90925,384.04244,79,0.39,0.01796,0.09998
6,0.90925,384.04244,80,0.39,0.02226,0.09999
6,0.90925,384.04244,81,0.39,0.02655,0.09998
6,0.90925,384.04244,82,0.39,0.03083,0.09999
6,0.90925,384.04244,83,0.39,0.0351,0.09998
6,0.90925,384.04244,84,0.39,0.03935,0.09998
6,0.90925,384.04244,85,0.39,0.0436,0.09998
6,0.90925,384.04244,86,0.39,0.04783,0.09998
6,0.90925,384.04244,87,0.39,0.05205,0.09998
6,0.90925,384.04244,88,0.39,0.05626,0.09998
6,0.90925,384.04244,89,0.39,0.06046,0.09998
6,0.90925,384.04244,90,0.39,0.06464,0.09998
6,0.90925,384.04244,91,0.39,0.06882,0.09998
6,0.90925,384.04244,92,0.39,0.07298,0.09998
6,0.90925,384.04244,93,0.39,0.07713,0.09998
6,0.90925,384.04244,94,0.39,0.08127,0.09999
6,0.90925,384.04244,95,0.39,0.0854,0.09999
6,0.90925,384.04244,96,0.39,0.08952,0.09998
6,0.90925,384.04244,97,0.39,0.09363,0.09998
6,0.90925,384.04244,98,0.39,0.09773,0.09998
6,0.90925,384.04244,99,0.39,0.10182,0.09998
6,0.90925,384.04244,100,0.39,0.10589,0.09999
6,0.90925,384.04244,101,0.39,0.10996,0.09999
6,0.90925,384.04244,102,0.39,0.11401,0.09999
6,0.90925,384.04244,103,0.39,0.11805,0.09998
6,0.90925,384.04244,104,0.39,0.12209,0.09998
6,0.90925,384.04244,105,0.39,0.12611,0.09998
6,0.90925,384.04244,106,0.39,0.13012,0.09998
6,0.90925,384.04244,107,0.39,0.13412,0.09998
6,0.90925,384.04244,108,0.39,0.13811,0.09998
6,0.90925,384.04244,109,0.39,0.14209,0.09998
6,0.90925,384.04244,110,0.39,0.14606,0.09998
6,0.90925,384.04244,111,0.39,0.15002,0.09998
6,0.90925,384.04244,112,0.39,0.15397,0.09998
6,0.90925,384.04244,113,0.39,0.15791,0.09998
6,0.90925,384.04244,114,0.39,0.16184,0.09998
6,0.90925,384.04244,115,0.39,0.16576,0.09998
6,0.90925,384.04244,116,0.38999,0.16967,0.09998
6,0.90925,384.04244,117,0.38999,0.17357,0.09998
6,0.90925,384.04244,118,0.38999,0.17746,0.09998
6,0.90925,384.04244,119,0.38999,0.18133,0.09998
6,0.90925,384.04244,120,0.38999,0.1852,0.09998
6,0.90925,384.04244,121,0.38999,0.18906,0.09998
6,0.90925,384.04244,122,0.38999,0.19291,0.09998
6,0.90925,384.04244,123,0.38999,0.19675,0.09998
6,0.90925,384.04244,124,0.38999,0.20058,0.09998
6,0.90925,384.04244,125,0.38999,0.2044,0.09998
6,0.90925,384.04244,126,0.38999,0.20821,0.09998
7,0.90785,363.8907,1,0.10547,-0.15267,0.20886
7,0.90785,363.8907,2,0.1776,-0.22646,0.09837
7,0.90785,363.8907,3,0.22878,-0.27883,0.1467
7,0.90785,363.8907,4,0.27972,-0.33094,0.18104
7,0.90785,363.8907,5,0.33042,-0.38282,0.20144
7,0.90785,363.8907,6,0.36974,-0.37923,0.21611
7,0.90785,363.8907,7,0.38976,-0.36694,0.22203
7,0.90785,363.8907,8,0.39001,-0.35274,0.21867
7,0.90785,363.8907,9,0.39001,-0.33855,0.20161
7,0.90785,363.8907,10,0.39001,-0.3244,0.17081
7,0.90785,363.8907,11,0.39001,-0.31029,0.12633
7,0.90785,363.8907,12,0.39001,-0.30117,0.10414
7,0.90785,363.8907,13,0.39001,-0.29603,0.09998
7,0.90785,363.8907,14,0.39001,-0.29091,0.09998
7,0.90785,363.8907,15,0.39,-0.2858,0.09998
7,0.90785,363.8907,16,0.39,-0.28071,0.09998
7,0.90785,363.8907,17,0.39,-0.27564,0.09999
7,0.90785,363.8907,18,0.39,-0.27059,0.09998
7,0.90785,363.8907,19,0.39,-0.26555,0.09999
7,0.90785,363.8907,20,0.39,-0.26053,0.09998
7,0.90785,363.8907,21,0.39,-0.25552,0.09999
7,0.90785,363.8907,22,0.39,-0.25053,0.09998
7,0.90785,363.8907,23,0.39,-0.24556,0.09998
7,0.90785,363.8907,24,0.39,-0.2406,0.09998
7,0.90785,363.8907,25,0.39,-0.23566,0.09998
7,0.90785,363.8907,26,0.39,-0.23074,0.09998
7,0.90785,363.8907,27,0.39,-0.22583,0.09998
7,0.90785,363.8907,28,0.39,-0.22093,0.09998
7,0.90785,363.8907,29,0.39,-0.21605,0.09998
7,0.90785,363.8907,30,0.39,-0.21119,0.09998
7,0.90785,363.8907,31,0.39,-0.20634,0.09998
7,0.90785,363.8907,32,0.39,-0.20151,0.09998
7,0.90785,363.8907,33,0.39,-0.1967,0.09998
7,0.90785,363.8907,34,0.39,-0.19189,0.09998
7,0.90785,363.8907,35,0.39,-0.18711,0.09999
7,0.90785,363.8907,36,0.39,-0.18233,0.09998
7,0.90785,363.8907,37,0.39,-0.17758,0.09999
7,0.90785,363.8907,38,0.39,-0.17283,0.09999
7,0.90785,363.8907,39,0.39,-0.16811,0.09999
7,0.90785,363.8907,40,0.39,-0.16339,0.09998
7,0.90785,363.8907,41,0.39,-0.15869,0.09999
7,0.90785,363.8907,42,0.39,-0.15401,0.09998
7,0.90785,363.8907,43,0.39,-0.14934,0.09998
7,0.90785,363.8907,44,0.39,-0.14468,0.09998
7,0.90785,363.8907,45,0.39,-0.14004,0.09999
7,0.90785,363.8907,46,0.39,-0.13541,0.09999
7,0.90785,363.8907,47,0.39,-0.1308,0.09998
7,0.90785,363.8907,48,0.39,-0.1262,0.09998
7,0.90785,363.8907,49,0.39,-0.12161,0.09998
7,0.90785,363.8907,50,0.39,-0.11704,0.09998
7,0.90785,363.8907,51,0.39,-0.11248,0.09998
7,0.90785,363.8907,52,0.39,-0.10793,0.09998
7,0.90785,363.8907,53,0.39,-0.1034,0.09999
7,0.90785,363.8907,54,0.39,-0.09888,0.09999
7,0.90785,363.8907,55,0.39,-0.09437,0.09999
7,0.90785,363.8907,56,0.39,-0.08988,0.09998
7,0.90785,363.8907,57,0.39,-0.0854,0.09998
7,0.90785,363.8907,58,0.39,-0.08093,0.09998
7,0.90785,363.8907,59,0.39,-0.07648,0.09998
7,0.90785,363.8907,60,0.39,-0.07204,0.09999
7,0.90785,363.8907,61,0.39,-0.06761,0.09999
7,0.90785,363.8907,62,0.39,-0.0632,0.09999
7,0.90785,363.8907,63,0.39,-0.0588,0.09999
7,0.90785,363.8907,64,0.39,-0.05441,0.09998
7,0.90785,363.8907,65,0.39,-0.05003,0.09998
7,0.90785,363.8907,66,0.39,-0.04566,0.09998
7,0.90785,363.8907,67,0.39,-0.04131,0.09998
7,0.90785,363.8907,68,0.39,-0.03697,0.09998
7,0.90785,363.8907,69,0.39,-0.03265,0.09998
7,0.90785,363.8907,70,0.39,-0.02833,0.09999
7,0.90785,363.8907,71,0.39,-0.02403,0.09999
7,0.90785,363.8907,72,0.39,-0.01974,0.09999
7,0.90785,363.8907,73,0.39,-0.01546,0.09999
7,0.90785,363.8907,74,0.39,-0.01119,0.09998
7,0.90785,363.8907,75,0.39,-0.00694,0.09998
7,0.90785,363.8907,76,0.39,-0.0027,0.09998
7,0.90785,363.8907,77,0.39,0.00153,0.09998
7,0.90785,363.8907,78,0.39,0.00574,0.09998
7,0.90785,363.8907,79,0.39,0.00995,0.09998
7,0.90785,363.8907,80,0.39,0.01415,0.09999
7,0.90785,363.8907,81,0.39,0.01833,0.09998
7,0.90785,363.8907,82,0.39,0.0225,0.09998
7,0.90785,363.8907,83,0.39,0.02667,0.09998
7,0.90785,363.8907,84,0.39,0.03081,0.09998
7,0.90785,363.8907,85,0.39,0.03495,0.09998
7,0.90785,363.8907,86,0.39,0.03908,0.09998
7,0.90785,363.8907,87,0.39,0.0432,0.09998
7,0.90785,363.8907,88,0.39,0.0473,0.09999
7,0.90785,363.8907,89,0.39,0.05139,0.09999
7,0.90785,363.8907,90,0.39,0.05548,0.09998
7,0.90785,363.8907,91,0.39,0.05955,0.09998
7,0.90785,363.8907,92,0.39,0.06361,0.09998
7,0.90785,363.8907,93,0.39,0.06766,0.09998
7,0.90785,363.8907,94,0.39,0.0717,0.09998
7,0.90785,363.8907,95,0.39,0.07572,0.09998
7,0.90785,363.8907,96,0.39,0.07974,0.09999
7,0.90785,363.8907,97,0.39,0.08375,0.09998
7,0.90785,363.8907,98,0.39,0.08774,0.09999
7,0.90785,363.8907,99,0.39,0.09173,0.09999
7,0.90785,363.8907,100,0.39,0.0957,0.09998
7,0.90785,363.8907,101,0.39,0.09966,0.09999
7,0.90785,363.8907,102,0.39,0.10362,0.09998
7,0.90785,363.8907,103,0.39,0.10756,0.09998
7,0.90785,363.8907,104,0.39,0.11149,0.09998
7,0.90785,363.8907,105,0.39,0.11541,0.09998
7,0.90785,363.8907,106,0.39,0.11933,0.09998
7,0.90785,363.8907,107,0.39,0.12323,0.09998
7,0.90785,363.8907,108,0.39,0.12712,0.09998
7,0.90785,363.8907,109,0.39,0.131,0.09998
7,0.90785,363.8907,110,0.39,0.13487,0.09998
7,0.90785,363.8907,111,0.39,0.13873,0.09998
7,0.90785,363.8907,112,0.39,0.14258,0.09998
7,0.90785,363.8907,113,0.39,0.14642,0.09998
7,0.90785,363.8907,114,0.39,0.15025,0.09998
7,0.90785,363.8907,115,0.39,0.15407,0.09998
7,0.90785,363.8907,116,0.39,0.15789,0.09998
7,0.90785,363.8907,117,0.39,0.16169,0.09998
7,0.90785,363.8907,118,0.39,0.16548,0.09998
7,0.90785,363.8907,119,0.39,0.16926,0.09998
7,0.90785,363.8907,120,0.39,0.17303,0.09998
7,0.90785,363.8907,121,0.39,0.17679,0.09998
7,0.90785,363.8907,122,0.39,0.18055,0.09999
7,0.90785,363.8907,123,0.39,0.18429,0.09999
7,0.90785,363.8907,124,0.39,0.18802,0.09998
7,0.90785,363.8907,125,0.39,0.19175,0.09998
7,0.90785,363.8907,126,0.39,0.19546,0.09998
8,0.89501,365.94194,1,0.10547,-0.15267,0.20886
8,0.89501,365.94194,2,0.1776,-0.22646,0.09837
8,0.89501,365.94194,3,0.22878,-0.27883,0.14595
8,0.89501,365.94194,4,0.27972,-0.33094,0.17953
8,0.89501,365.94194,5,0.33043,-0.38282,0.1992
8,0.89501,365.94194,6,0.36988,-0.3795,0.21319
8,0.89501,365.94194,7,0.3895,-0.36748,0.21858
8,0.89501,365.94194,8,0.3898,-0.35359,0.21459
8,0.89501,365.94194,9,0.39001,-0.33972,0.19686
8,0.89501,365.94194,10,0.39001,-0.32589,0.16545
8,0.89501,365.94194,11,0.39001,-0.31209,0.12036
8,0.89501,365.94194,12,0.39001,-0.30414,0.10289
8,0.89501,365.94194,13,0.39001,-0.29912,0.09998
8,0.89501,365.94194,14,0.39,-0.29411,0.09998
8,0.89501,365.94194,15,0.39,-0.28912,0.09998
8,0.89501,365.94194,16,0.39,-0.28414,0.09998
8,0.89501,365.94194,17,0.39,-0.27918,0.09999
8,0.89501,365.94194,18,0.39,-0.27424,0.09998
8,0.89501,365.94194,19,0.39,-0.26931,0.09998
8,0.89501,365.94194,20,0.39,-0.2644,0.09998
8,0.89501,365.94194,21,0.39,-0.2595,0.09998
8,0.89501,365.94194,22,0.39,-0.25462,0.09998
8,0.89501,365.94194,23,0.39,-0.24976,0.09998
8,0.89501,365.94194,24,0.39,-0.24491,0.09999
8,0.89501,365.94194,25,0.39,-0.24008,0.09998
8,0.89501,365.94194,26,0.39,-0.23526,0.09998
8,0.89501,365.94194,27,0.39,-0.23045,0.09998
8,0.89501,365.94194,28,0.39,-0.22566,0.09998
8,0.89501,365.94194,29,0.39,-0.22089,0.09998
8,0.89501,365.94194,30,0.39,-0.21613,0.09998
8,0.89501,365.94194,31,0.39,-0.21139,0.09998
8,0.89501,365.94194,32,0.39,-0.20666,0.09998
8,0.89501,365.94194,33,0.39,-0.20194,0.09999
8,0.89501,365.94194,34,0.39,-0.19724,0.09998
8,0.89501,365.94194,35,0.39,-0.19256,0.09998
8,0.89501,365.94194,36,0.39,-0.18789,0.09998
8,0.89501,365.94194,37,0.39,-0.18323,0.09999
8,0.89501,365.94194,38,0.39,-0.17859,0.09998
8,0.89501,365.94194,39,0.39,-0.17396,0.09998
8,0.89501,365.94194,40,0.39,-0.16934,0.09998
8,0.89501,365.94194,41,0.39,-0.16474,0.09999
8,0.89501,365.94194,42,0.39,-0.16016,0.09999
8,0.89501,365.94194,43,0.39,-0.15558,0.09999
8,0.89501,365.94194,44,0.39,-0.15102,0.09998
8,0.89501,365.94194,45,0.39,-0.14648,0.09999
8,0.89501,365.94194,46,0.39,-0.14194,0.09998
8,0.89501,365.94194,47,0.39,-0.13742,0.09998
8,0.89501,365.94194,48,0.39,-0.13292,0.09998
8,0.89501,365.94194,49,0.39,-0.12843,0.09998
8,0.89501,365.94194,50,0.39,-0.12395,0.09998
8,0.89501,365.94194,51,0.39,-0.11948,0.09998
8,0.89501,365.94194,52,0.39,-0.11503,0.09998
8,0.89501,365.94194,53,0.39,-0.11059,0.09999
8,0.89501,365.94194,54,0.39,-0.10616,0.09999
8,0.89501,365.94194,55,0.39,-0.10175,0.09999
8,0.89501,365.94194,56,0.39,-0.09734,0.09999
8,0.89501,365.94194,57,0.39,-0.09296,0.09999
8,0.89501,365.94194,58,0.39,-0.08858,0.09999
8,0.89501,365.94194,59,0.39,-0.08422,0.09998
8,0.89501,365.94194,60,0.39,-0.07986,0.09998
8,0.89501,365.94194,61,0.39,-0.07553,0.09998
8,0.89501,365.94194,62,0.39,-0.0712,0.09998
8,0.89501,365.94194,63,0.39,-0.06689,0.09999
8,0.89501,365.94194,64,0.39,-0.06258,0.09998
8,0.89501,365.94194,65,0.39,-0.05829,0.09998
8,0.89501,365.94194,66,0.39,-0.05402,0.09998
8,0.89501,365.94194,67,0.39,-0.04975,0.09998
8,0.89501,365.94194,68,0.39,-0.0455,0.09998
8,0.89501,365.94194,69,0.39,-0.04126,0.09998
8,0.89501,365.94194,70,0.39,-0.03703,0.09999
8,0.89501,365.94194,71,0.39,-0.03281,0.09998
8,0.89501,365.94194,72,0.39,-0.0286,0.09998
8,0.89501,365.94194,73,0.39,-0.02441,0.09999
8,0.89501,365.94194,74,0.39,-0.02023,0.09998
8,0.89501,365.94194,75,0.39,-0.01606,0.09998
8,0.89501,365.94194,76,0.39,-0.0119,0.09998
8,0.89501,365.94194,77,0.39,-0.00775,0.09999
8,0.89501,365.94194,78,0.39,-0.00361,0.09999
8,0.89501,365.94194,79,0.39,0.0005,0.09998
8,0.89501,365.94194,80,0.39,0.00462,0.09998
8,0.89501,365.94194,81,0.39,0.00872,0.09998
8,0.89501,365.94194,82,0.39,0.01281,0.09998
8,0.89501,365.94194,83,0.39,0.01689,0.09999
8,0.89501,365.94194,84,0.39,0.02096,0.09998
8,0.89501,365.94194,85,0.39,0.02502,0.09998
8,0.89501,365.94194,86,0.39,0.02907,0.09998
8,0.89501,365.94194,87,0.39,0.0331,0.09998
8,0.89501,365.94194,88,0.39,0.03713,0.09998
8,0.89501,365.94194,89,0.39,0.04114,0.09998
8,0.89501,365.94194,90,0.39,0.04515,0.09998
8,0.89501,365.94194,91,0.39,0.04914,0.09998
8,0.89501,365.94194,92,0.39,0.05312,0.09998
8,0.89501,365.94194,93,0.39,0.0571,0.09998
8,0.89501,365.94194,94,0.39,0.06106,0.09998
8,0.89501,365.94194,95,0.39,0.06501,0.09998
8,0.89501,365.94194,96,0.39,0.06895,0.09999
8,0.89501,365.94194,97,0.39,0.07288,0.09999
8,0.89501,365.94194,98,0.39,0.0768,0.09999
8,0.89501,365.94194,99,0.39,0.08071,0.09998
8,0.89501,365.94194,100,0.39,0.08461,0.09998
8,0.89501,365.94194,101,0.39,0.0885,0.09998
8,0.89501,365.94194,102,0.39,0.09237,0.09999
8,0.89501,365.94194,103,0.39,0.09624,0.09999
8,0.89501,365.94194,104,0.39,0.1001,0.09999
8,0.89501,365.94194,105,0.39,0.10395,0.09998
8,0.89501,365.94194,106,0.39,0.10779,0.09998
8,0.89501,365.94194,107,0.39,0.11162,0.09998
8,0.89501,365.94194,108,0.39,0.11544,0.09999
8,0.89501,365.94194,109,0.39,0.11924,0.09998
8,0.89501,365.94194,110,0.39,0.12304,0.09999
8,0.89501,365.94194,111,0.39,0.12683,0.09998
8,0.89501,365.94194,112,0.39,0.13061,0.09998
8,0.89501,365.94194,113,0.39,0.13438,0.09998
8,0.89501,365.94194,114,0.39,0.13814,0.09998
8,0.89501,365.94194,115,0.39,0.14189,0.09998
8,0.89501,365.94194,116,0.39,0.14563,0.09998
8,0.89501,365.94194,117,0.39,0.14936,0.09998
8,0.89501,365.94194,118,0.39,0.15308,0.09999
8,0.89501,365.94194,119,0.39,0.1568,0.09999
8,0.89501,365.94194,120,0.39,0.1605,0.09999
8,0.89501,365.94194,121,0.39,0.16419,0.09999
8,0.89501,365.94194,122,0.39,0.16788,0.09999
8,0.89501,365.94194,123,0.39,0.17155,0.09998
8,0.89501,365.94194,124,0.39,0.17522,0.09998
8,0.89501,365.94194,125,0.39,0.17887,0.09998
8,0.89501,365.94194,126,0.39,0.18252,0.09999
9,0.90785,340.87212,1,0.10547,-0.15267,0.20886
9,0.90785,340.87212,2,0.1776,-0.22646,0.09837
9,0.90785,340.87212,3,0.22878,-0.27883,0.1467
9,0.90785,340.87212,4,0.27972,-0.33094,0.18104
9,0.90785,340.87212,5,0.33042,-0.38282,0.20144
9,0.90785,340.87212,6,0.36974,-0.37923,0.21611
9,0.90785,340.87212,7,0.38976,-0.36694,0.22203
9,0.90785,340.87212,8,0.39001,-0.35274,0.21867
9,0.90785,340.87212,9,0.39001,-0.33855,0.20161
9,0.90785,340.87212,10,0.39001,-0.3244,0.17081
9,0.90785,340.87212,11,0.39001,-0.31029,0.12633
9,0.90785,340.87212,12,0.39001,-0.30117,0.10414
9,0.90785,340.87212,13,0.39001,-0.29603,0.09998
9,0.90785,340.87212,14,0.39001,-0.29091,0.09998
9,0.90785,340.87212,15,0.39,-0.2858,0.09998
9,0.90785,340.87212,16,0.39,-0.28071,0.09998
9,0.90785,340.87212,17,0.39,-0.27564,0.09999
9,0.90785,340.87212,18,0.39,-0.27059,0.09998
9,0.90785,340.87212,19,0.39,-0.26555,0.09999
9,0.90785,340.87212,20,0.39,-0.26053,0.09998
9,0.90785,340.87212,21,0.39,-0.25552,0.09999
9,0.90785,340.87212,22,0.39,-0.25053,0.09998
9,0.90785,340.87212,23,0.39,-0.24556,0.09998
9,0.90785,340.87212,24,0.39,-0.2406,0.09998
9,0.90785,340.87212,25,0.39,-0.23566,0.09998
9,0.90785,340.87212,26,0.39,-0.23074,0.09998
9,0.90785,340.87212,27,0.39,-0.22583,0.09998
9,0.90785,340.87212,28,0.39,-0.22093,0.09998
9,0.90785,340.87212,29,0.39,-0.21605,0.09998
9,0.90785,340.87212,30,0.39,-0.21119,0.09998
9,0.90785,340.87212,31,0.39,-0.20634,0.09998
9,0.90785,340.87212,32,0.39,-0.20151,0.09998
9,0.90785,340.87212,33,0.39,-0.1967,0.09998
9,0.90785,340.87212,34,0.39,-0.19189,0.09998
9,0.90785,340.87212,35,0.39,-0.18711,0.09999
9,0.90785,340.87212,36,0.39,-0.18233,0.09998
9,0.90785,340.87212,37,0.39,-0.17758,0.09999
9,0.90785,340.87212,38,0.39,-0.17283,0.09999
9,0.90785,340.87212,39,0.39,-0.16811,0.09999
9,0.90785,340.87212,40,0.39,-0.16339,0.09998
9,0.90785,340.87212,41,0.39,-0.15869,0.09999
9,0.90785,340.87212,42,0.39,-0.15401,0.09998
9,0.90785,340.87212,43,0.39,-0.14934,0.09998
9,0.90785,340.87212,44,0.39,-0.14468,0.09998
9,0.90785,340.87212,45,0.39,-0.14004,0.09999
9,0.90785,340.87212,46,0.39,-0.13541,0.09999
9,0.90785,340.87212,47,0.39,-0.1308,0.09998
9,0.90785,340.87212,48,0.39,-0.1262,0.09998
9,0.90785,340.87212,49,0.39,-0.12161,0.09998
9,0.90785,340.87212,50,0.39,-0.11704,0.09998
9,0.90785,340.87212,51,0.39,-0.11248,0.09998
9,0.90785,340.87212,52,0.39,-0.10793,0.09998
9,0.90785,340.87212,53,0.39,-0.1034,0.09999
9,0.90785,340.87212,54,0.39,-0.09888,0.09999
9,0.90785,340.87212,55,0.39,-0.09437,0.09999
9,0.90785,340.87212,56,0.39,-0.08988,0.09998
9,0.90785,340.87212,57,0.39,-0.0854,0.09998
9,0.90785,340.87212,58,0.39,-0.08093,0.09998
9,0.90785,340.87212,59,0.39,-0.07648,0.09998
9,0.90785,340.87212,60,0.39,-0.07204,0.09999
9,0.90785,340.87212,61,0.39,-0.06761,0.09999
9,0.90785,340.87212,62,0.39,-0.0632,0.09999
9,0.90785,340.87212,63,0.39,-0.0588,0.09999
9,0.90785,340.87212,64,0.39,-0.05441,0.09998
9,0.90785,340.87212,65,0.39,-0.05003,0.09998
9,0.90785,340.87212,66,0.39,-0.04566,0.09998
9,0.90785,340.87212,67,0.39,-0.04131,0.09998
9,0.90785,340.87212,68,0.39,-0.03697,0.09998
9,0.90785,340.87212,69,0.39,-0.03265,0.09998
9,0.90785,340.87212,70,0.39,-0.02833,0.09999
9,0.90785,340.87212,71,0.39,-0.02403,0.09999
9,0.90785,340.87212,72,0.39,-0.01974,0.09999
9,0.90785,340.87212,73,0.39,-0.01546,0.09999
9,0.90785,340.87212,74,0.39,-0.01119,0.09998
9,0.90785,340.87212,75,0.39,-0.00694,0.09998
9,0.90785,340.87212,76,0.39,-0.0027,0.09998
9,0.90785,340.87212,77,0.39,0.00153,0.09998
9,0.90785,340.87212,78,0.39,0.00574,0.09998
9,0.90785,340.87212,79,0.39,0.00995,0.09998
9,0.90785,340.87212,80,0.39,0.01415,0.09999
9,0.90785,340.87212,81,0.39,0.01833,0.09998
9,0.90785,340.87212,82,0.39,0.0225,0.09998
9,0.90785,340.87212,83,0.39,0.02667,0.09998
9,0.90785,340.87212,84,0.39,0.03081,0.09998
9,0.90785,340.87212,85,0.39,0.03495,0.09998
9,0.90785,340.87212,86,0.39,0.03908,0.09998
9,0.90785,340.87212,87,0.39,0.0432,0.09998
9,0.90785,340.87212,88,0.39,0.0473,0.09999
9,0.90785,340.87212,89,0.39,0.05139,0.09999
9,0.90785,340.87212,90,0.39,0.05548,0.09998
9,0.90785,340.87212,91,0.39,0.05955,0.09998
9,0.90785,340.87212,92,0.39,0.06361,0.09998
9,0.90785,340.87212,93,0.39,0.06766,0.09998
9,0.90785,340.87212,94,0.39,0.0717,0.09998
9,0.90785,340.87212,95,0.39,0.07572,0.09998
9,0.90785,340.87212,96,0.39,0.07974,0.09999
9,0.90785,340.87212,97,0.39,0.08375,0.09998
9,0.90785,340.87212,98,0.39,0.08774,0.09999
9,0.90785,340.87212,99,0.39,0.09173,0.09999
9,0.90785,340.87212,100,0.39,0.0957,0.09998
9,0.90785,340.87212,101,0.39,0.09966,0.09999
9,0.90785,340.87212,102,0.39,0.10362,0.09998
9,0.90785,340.87212,103,0.39,0.10756,0.09998
9,0.90785,340.87212,104,0.39,0.11149,0.09998
9,0.90785,340.87212,105,0.39,0.11541,0.09998
9,0.90785,340.87212,106,0.39,0.11933,0.09998
9,0.90785,340.87212,107,0.39,0.12323,0.09998
9,0.90785,340.87212,108,0.39,0.12712,0.09998
9,0.90785,340.87212,109,0.39,0.131,0.09998
9,0.90785,340.87212,110,0.39,0.13487,0.09998
9,0.90785,340.87212,111,0.39,0.13873,0.09998
9,0.90785,340.87212,112,0.39,0.14258,0.09998
9,0.90785,340.87212,113,0.39,0.14642,0.09998
9,0.90785,340.87212,114,0.39,0.15025,0.09998
9,0.90785,340.87212,115,0.39,0.15407,0.09998
9,0.90785,340.87212,116,0.39,0.15789,0.09998
9,0.90785,340.87212,117,0.39,0.16169,0.09998
9,0.90785,340.87212,118,0.39,0.16548,0.09998
9,0.90785,340.87212,119,0.39,0.16926,0.09998
9,0.90785,340.87212,120,0.39,0.17303,0.09998
9,0.90785,340.87212,121,0.39,0.17679,0.09998
9,0.90785,340.87212,122,0.39,0.18055,0.09999
9,0.90785,340.87212,123,0.39,0.18429,0.09999
9,0.90785,340.87212,124,0.39,0.18802,0.09998
9,0.90785,340.87212,125,0.39,0.19175,0.09998
9,0.90785,340.87212,126,0.39,0.19546,0.09998
10,0.90388,363.64508,1,0.10547,-0.15267,0.20886
10,0.90388,363.64508,2,0.1776,-0.22646,0.09837
10,0.90388,363.64508,3,0.22878,-0.27883,0.14647
10,0.90388,363.64508,4,0.27972,-0.33094,0.18057
10,0.90388,363.64508,5,0.33042,-0.38282,0.20075
10,0.90388,363.64508,6,0.36979,-0.37931,0.21521
10,0.90388,363.64508,7,0.38968,-0.36711,0.22096
10,0.90388,363.64508,8,0.39001,-0.35301,0.2174
10,0.90388,363.64508,9,0.39001,-0.33892,0.20015
10,0.90388,363.64508,10,0.39001,-0.32487,0.16916
10,0.90388,363.64508,11,0.39001,-0.31086,0.12449
10,0.90388,363.64508,12,0.39001,-0.30214,0.11179
10,0.90388,363.64508,13,0.39,-0.29764,0.12178
10,0.90388,363.64508,14,0.39,-0.29315,0.11796
10,0.90388,363.64508,15,0.39,-0.28867,0.10118
10,0.90388,363.64508,16,0.39001,-0.28423,0.09998
10,0.90388,363.64508,17,0.39001,-0.2798,0.09998
10,0.90388,363.64508,18,0.39,-0.27539,0.09998
10,0.90388,363.64508,19,0.39,-0.27099,0.09998
10,0.90388,363.64508,20,0.39,-0.26661,0.09998
10,0.90388,363.64508,21,0.39,-0.26224,0.09998
10,0.90388,363.64508,22,0.39,-0.25789,0.09998
10,0.90388,363.64508,23,0.39,-0.25355,0.09998
10,0.90388,363.64508,24,0.39,-0.24922,0.09998
10,0.90388,363.64508,25,0.39,-0.24491,0.09998
10,0.90388,363.64508,26,0.39,-0.24062,0.09998
10,0.90388,363.64508,27,0.39,-0.23634,0.09998
10,0.90388,363.64508,28,0.39,-0.23207,0.09998
10,0.90388,363.64508,29,0.39,-0.22782,0.09998
10,0.90388,363.64508,30,0.39,-0.22358,0.09998
10,0.90388,363.64508,31,0.39,-0.21936,0.09998
10,0.90388,363.64508,32,0.39,-0.21515,0.09999
10,0.90388,363.64508,33,0.39,-0.21095,0.09998
10,0.90388,363.64508,34,0.39,-0.20677,0.09998
10,0.90388,363.64508,35,0.39,-0.2026,0.09998
10,0.90388,363.64508,36,0.39,-0.19845,0.09998
10,0.90388,363.64508,37,0.39,-0.1943,0.09998
10,0.90388,363.64508,38,0.39,-0.19017,0.09998
10,0.90388,363.64508,39,0.39,-0.18606,0.09999
10,0.90388,363.64508,40,0.39,-0.18196,0.09998
10,0.90388,363.64508,41,0.39,-0.17787,0.09998
10,0.90388,363.64508,42,0.39,-0.17379,0.09999
10,0.90388,363.64508,43,0.39,-0.16972,0.09998
10,0.90388,363.64508,44,0.39,-0.16567,0.09998
10,0.90388,363.64508,45,0.39,-0.16163,0.09999
10,0.90388,363.64508,46,0.39,-0.15761,0.09998
10,0.90388,363.64508,47,0.39,-0.1536,0.09998
10,0.90388,363.64508,48,0.39,-0.14959,0.09998
10,0.90388,363.64508,49,0.39,-0.14561,0.09998
10,0.90388,363.64508,50,0.39,-0.14163,0.09998
10,0.90388,363.64508,51,0.39,-0.13766,0.09998
10,0.90388,363.64508,52,0.39,-0.13371,0.09998
10,0.90388,363.64508,53,0.39,-0.12977,0.09998
10,0.90388,363.64508,54,0.39,-0.12584,0.09998
10,0.90388,363.64508,55,0.39,-0.12193,0.09998
10,0.90388,363.64508,56,0.39,-0.11802,0.09998
10,0.90388,363.64508,57,0.39,-0.11413,0.09998
10,0.90388,363.64508,58,0.39,-0.11025,0.09998
10,0.90388,363.64508,59,0.39,-0.10638,0.09999
10,0.90388,363.64508,60,0.39,-0.10252,0.09999
10,0.90388,363.64508,61,0.39,-0.09868,0.09998
10,0.90388,363.64508,62,0.39,-0.09484,0.09998
10,0.90388,363.64508,63,0.39,-0.09102,0.09999
10,0.90388,363.64508,64,0.39,-0.08721,0.09998
10,0.90388,363.64508,65,0.39,-0.08341,0.09998
10,0.90388,363.64508,66,0.39,-0.07962,0.09999
10,0.90388,363.64508,67,0.39,-0.07584,0.09999
10,0.90388,363.64508,68,0.39,-0.07207,0.09998
10,0.90388,363.64508,69,0.39,-0.06832,0.09998
10,0.90388,363.64508,70,0.39,-0.06457,0.09998
10,0.90388,363.64508,71,0.39,-0.06083,0.09998
10,0.90388,363.64508,72,0.39,-0.05711,0.09998
10,0.90388,363.64508,73,0.39,-0.0534,0.09998
10,0.90388,363.64508,74,0.39,-0.0497,0.09998
10,0.90388,363.64508,75,0.39,-0.046,0.09998
10,0.90388,363.64508,76,0.39,-0.04232,0.09998
10,0.90388,363.64508,77,0.39,-0.03865,0.09998
10,0.90388,363.64508,78,0.39,-0.03499,0.09999
10,0.90388,363.64508,79,0.39,-0.03134,0.09998
10,0.90388,363.64508,80,0.39,-0.0277,0.09998
10,0.90388,363.64508,81,0.39,-0.02407,0.09998
10,0.90388,363.64508,82,0.39,-0.02045,0.09998
10,0.90388,363.64508,83,0.39,-0.01684,0.09998
10,0.90388,363.64508,84,0.39,-0.01325,0.09998
10,0.90388,363.64508,85,0.39,-0.00966,0.09998
10,0.90388,363.64508,86,0.39,-0.00608,0.09998
10,0.90388,363.64508,87,0.39,-0.00251,0.09998
10,0.90388,363.64508,88,0.39,0.00104,0.09998
10,0.90388,363.64508,89,0.39,0.00459,0.09998
10,0.90388,363.64508,90,0.39,0.00813,0.09998
10,0.90388,363.64508,91,0.39,0.01166,0.09998
10,0.90388,363.64508,92,0.39,0.01518,0.09999
10,0.90388,363.64508,93,0.39,0.01869,0.09998
10,0.90388,363.64508,94,0.39,0.02219,0.09998
10,0.90388,363.64508,95,0.39,0.02568,0.09998
10,0.90388,363.64508,96,0.39,0.02916,0.09998
10,0.90388,363.64508,97,0.39,0.03263,0.09998
10,0.90388,363.64508,98,0.39,0.03609,0.09998
10,0.90388,363.64508,99,0.39,0.03955,0.09998
10,0.90388,363.64508,100,0.39,0.04299,0.09998
10,0.90388,363.64508,101,0.39,0.04642,0.09998
10,0.90388,363.64508,102,0.39,0.04985,0.09998
10,0.90388,363.64508,103,0.39,0.05326,0.09998
10,0.90388,363.64508,104,0.39,0.05667,0.09999
10,0.90388,363.64508,105,0.39,0.06007,0.09999
10,0.90388,363.64508,106,0.39,0.06346,0.09999
10,0.90388,363.64508,107,0.39,0.06684,0.09999
10,0.90388,363.64508,108,0.39,0.07021,0.09999
10,0.90388,363.64508,109,0.39,0.07357,0.09999
10,0.90388,363.64508,110,0.39,0.07692,0.09999
10,0.90388,363.64508,111,0.39,0.08026,0.09999
10,0.90388,363.64508,112,0.39,0.0836,0.09999
10,0.90388,363.64508,113,0.39,0.08693,0.09999
10,0.90388,363.64508,114,0.39,0.09024,0.09998
10,0.90388,363.64508,115,0.39,0.09355,0.09998
10,0.90388,363.64508,116,0.39,0.09685,0.09998
10,0.90388,363.64508,117,0.39,0.10014,0.09998
10,0.90388,363.64508,118,0.39,0.10343,0.09998
10,0.90388,363.64508,119,0.39,0.1067,0.09998
10,0.90388,363.64508,120,0.39,0.10997,0.09998
10,0.90388,363.64508,121,0.39,0.11322,0.09999
10,0.90388,363.64508,122,0.39,0.11647,0.09998
10,0.90388,363.64508,123,0.39,0.11971,0.09998
10,0.90388,363.64508,124,0.39,0.12294,0.09998
10,0.90388,363.64508,125,0.39,0.12617,0.09998
10,0.90388,363.64508,126,0.39,0.12938,0.09999
11,0.90807,366.64196,1,0.10547,-0.15267,0.20886
11,0.90807,366.64196,2,0.1776,-0.22646,0.09837
11,0.90807,366.64196,3,0.22878,-0.27883,0.14672
11,0.90807,366.64196,4,0.27972,-0.33094,0.18106
11,0.90807,366.64196,5,0.33042,-0.38282,0.20148
11,0.90807,366.64196,6,0.36974,-0.37923,0.21616
11,0.90807,366.64196,7,0.38976,-0.36693,0.22209
11,0.90807,366.64196,8,0.39001,-0.35272,0.21875
11,0.90807,366.64196,9,0.39001,-0.33853,0.20169
11,0.90807,366.64196,10,0.39001,-0.32437,0.1709
11,0.90807,366.64196,11,0.39001,-0.31026,0.12643
11,0.90807,366.64196,12,0.39001,-0.30111,0.10371
11,0.90807,366.64196,13,0.39001,-0.29592,0.09998
11,0.90807,366.64196,14,0.39001,-0.29075,0.09998
11,0.90807,366.64196,15,0.39,-0.2856,0.09998
11,0.90807,366.64196,16,0.39,-0.28047,0.09998
11,0.90807,366.64196,17,0.39,-0.27535,0.09998
11,0.90807,366.64196,18,0.39,-0.27025,0.09998
11,0.90807,366.64196,19,0.39,-0.26517,0.09998
11,0.90807,366.64196,20,0.39,-0.2601,0.09998
11,0.90807,366.64196,21,0.39,-0.25505,0.09998
11,0.90807,366.64196,22,0.39,-0.25001,0.09999
11,0.90807,366.64196,23,0.39,-0.245,0.09999
11,0.90807,366.64196,24,0.39,-0.23999,0.09998
11,0.90807,366.64196,25,0.39,-0.23501,0.09998
11,0.90807,366.64196,26,0.39,-0.23004,0.09999
11,0.90807,366.64196,27,0.39,-0.22508,0.09998
11,0.90807,366.64196,28,0.39,-0.22014,0.09998
11,0.90807,366.64196,29,0.39,-0.21522,0.09998
11,0.90807,366.64196,30,0.39,-0.21031,0.09998
11,0.90807,366.64196,31,0.39,-0.20542,0.09998
11,0.90807,366.64196,32,0.39,-0.20054,0.09998
11,0.90807,366.64196,33,0.39,-0.19568,0.09998
11,0.90807,366.64196,34,0.39,-0.19084,0.09998
11,0.90807,366.64196,35,0.39,-0.18601,0.09998
11,0.90807,366.64196,36,0.39,-0.18119,0.09998
11,0.90807,366.64196,37,0.39,-0.17639,0.09998
11,0.90807,366.64196,38,0.39,-0.1716,0.09999
11,0.90807,366.64196,39,0.39,-0.16683,0.09999
11,0.90807,366.64196,40,0.39,-0.16207,0.09998
11,0.90807,366.64196,41,0.39,-0.15733,0.09998
11,0.90807,366.64196,42,0.39,-0.1526,0.09998
11,0.90807,366.64196,43,0.39,-0.14789,0.09998
11,0.90807,366.64196,44,0.39,-0.14319,0.09998
11,0.90807,366.64196,45,0.39,-0.1385,0.09998
11,0.90807,366.64196,46,0.39,-0.13383,0.09999
11,0.90807,366.64196,47,0.39,-0.12917,0.09998
11,0.90807,366.64196,48,0.39,-0.12453,0.09998
11,0.90807,366.64196,49,0.39,-0.1199,0.09998
11,0.90807,366.64196,50,0.39,-0.11528,0.09998
11,0.90807,366.64196,51,0.39,-0.11068,0.09998
11,0.90807,366.64196,52,0.39,-0.10609,0.09999
11,0.90807,366.64196,53,0.39,-0.10152,0.09999
11,0.90807,366.64196,54,0.39,-0.09696,0.09999
11,0.90807,366.64196,55,0.39,-0.09241,0.09999
11,0.90807,366.64196,56,0.39,-0.08787,0.09998
11,0.90807,366.64196,57,0.39,-0.08335,0.09998
11,0.90807,366.64196,58,0.39,-0.07884,0.09999
11,0.90807,366.64196,59,0.39,-0.07435,0.09998
11,0.90807,366.64196,60,0.39,-0.06987,0.09998
11,0.90807,366.64196,61,0.39,-0.0654,0.09999
11,0.90807,366.64196,62,0.39,-0.06094,0.09998
11,0.90807,366.64196,63,0.39,-0.0565,0.09998
11,0.90807,366.64196,64,0.39,-0.05206,0.09998
11,0.90807,366.64196,65,0.39,-0.04765,0.09998
11,0.90807,366.64196,66,0.39,-0.04324,0.09998
11,0.90807,366.64196,67,0.39,-0.03885,0.09998
11,0.90807,366.64196,68,0.39,-0.03447,0.09999
11,0.90807,366.64196,69,0.39,-0.0301,0.09999
11,0.90807,366.64196,70,0.39,-0.02574,0.09998
11,0.90807,366.64196,71,0.39,-0.0214,0.09998
11,0.90807,366.64196,72,0.39,-0.01707,0.09998
11,0.90807,366.64196,73,0.39,-0.01275,0.09998
11,0.90807,366.64196,74,0.39,-0.00844,0.09998
11,0.90807,366.64196,75,0.39,-0.00415,0.09999
11,0.90807,366.64196,76,0.39,0.00013,0.09999
11,0.90807,366.64196,77,0.39,0.0044,0.09999
11,0.90807,366.64196,78,0.39,0.00866,0.09998
11,0.90807,366.64196,79,0.39,0.0129,0.09998
11,0.90807,366.64196,80,0.39,0.01714,0.09998
11,0.90807,366.64196,81,0.39,0.02136,0.09998
11,0.90807,366.64196,82,0.39,0.02558,0.09998
11,0.90807,366.64196,83,0.39,0.02978,0.09998
11,0.90807,366.64196,84,0.39,0.03397,0.09998
11,0.90807,366.64196,85,0.39,0.03814,0.09998
11,0.90807,366.64196,86,0.39,0.04231,0.09998
11,0.90807,366.64196,87,0.39,0.04646,0.09998
11,0.90807,366.64196,88,0.39,0.05061,0.09998
11,0.90807,366.64196,89,0.39,0.05474,0.09999
11,0.90807,366.64196,90,0.39,0.05886,0.09998
11,0.90807,366.64196,91,0.39,0.06297,0.09998
11,0.90807,366.64196,92,0.39,0.06707,0.09998
11,0.90807,366.64196,93,0.39,0.07116,0.09998
11,0.90807,366.64196,94,0.39,0.07524,0.09998
11,0.90807,366.64196,95,0.39,0.0793,0.09998
11,0.90807,366.64196,96,0.39,0.08336,0.09998
11,0.90807,366.64196,97,0.39,0.0874,0.09998
11,0.90807,366.64196,98,0.39,0.09144,0.09998
11,0.90807,366.64196,99,0.39,0.09546,0.09998
11,0.90807,366.64196,100,0.39,0.09947,0.09998
11,0.90807,366.64196,101,0.39,0.10347,0.09999
11,0.90807,366.64196,102,0.39,0.10747,0.09999
11,0.90807,366.64196,103,0.39,0.11145,0.09999
11,0.90807,366.64196,104,0.39,0.11542,0.09998
11,0.90807,366.64196,105,0.39,0.11938,0.09998
11,0.90807,366.64196,106,0.39,0.12333,0.09998
11,0.90807,366.64196,107,0.39,0.12726,0.09998
11,0.90807,366.64196,108,0.39,0.13119,0.09998
11,0.90807,366.64196,109,0.39,0.13511,0.09998
11,0.90807,366.64196,110,0.39,0.13902,0.09998
11,0.90807,366.64196,111,0.39,0.14292,0.09998
11,0.90807,366.64196,112,0.39,0.14681,0.09998
11,0.90807,366.64196,113,0.39,0.15068,0.09998
11,0.90807,366.64196,114,0.39,0.15455,0.09998
11,0.90807,366.64196,115,0.39,0.15841,0.09998
11,0.90807,366.64196,116,0.39,0.16226,0.09998
11,0.90807,366.64196,117,0.39,0.1661,0.09998
11,0.90807,366.64196,118,0.39,0.16992,0.09998
11,0.90807,366.64196,119,0.39,0.17374,0.09998
11,0.90807,366.64196,120,0.39,0.17755,0.09998
11,0.90807,366.64196,121,0.39,0.18135,0.09998
11,0.90807,366.64196,122,0.39,0.18514,0.09998
11,0.90807,366.64196,123,0.39,0.18892,0.09998
11,0.90807,366.64196,124,0.39,0.19269,0.09998
11,0.90807,366.64196,125,0.39,0.19645,0.09999
11,0.90807,366.64196,126,0.39,0.2002,0.09998
12,0.89453,354.83851,1,0.10547,-0.15267,0.20886
12,0.89453,354.83851,2,0.1776,-0.22646,0.09837
12,0.89453,354.83851,3,0.22878,-0.27883,0.14592
12,0.89453,354.83851,4,0.27972,-0.33094,0.17948
12,0.89453,354.83851,5,0.33043,-0.38282,0.19911
12,0.89453,354.83851,6,0.36989,-0.37951,0.21308
12,0.89453,354.83851,7,0.38949,-0.3675,0.21845
12,0.89453,354.83851,8,0.38975,-0.35362,0.21445
12,0.89453,354.83851,9,0.39001,-0.33976,0.19668
12,0.89453,354.83851,10,0.39001,-0.32594,0.16525
12,0.89453,354.83851,11,0.39001,-0.31216,0.12014
12,0.89453,354.83851,12,0.39001,-0.30427,0.10405
12,0.89453,354.83851,13,0.39001,-0.29934,0.09998
12,0.89453,354.83851,14,0.39001,-0.29443,0.09998
12,0.89453,354.83851,15,0.39,-0.28953,0.09998
12,0.89453,354.83851,16,0.39,-0.28465,0.09998
12,0.89453,354.83851,17,0.39,-0.27978,0.09998
12,0.89453,354.83851,18,0.39,-0.27494,0.09998
12,0.89453,354.83851,19,0.39,-0.2701,0.09999
12,0.89453,354.83851,20,0.39,-0.26528,0.09998
12,0.89453,354.83851,21,0.39,-0.26048,0.09998
12,0.89453,354.83851,22,0.39,-0.2557,0.09998
12,0.89453,354.83851,23,0.39,-0.25092,0.09999
12,0.89453,354.83851,24,0.39,-0.24617,0.09998
12,0.89453,354.83851,25,0.39,-0.24143,0.09998
12,0.89453,354.83851,26,0.39,-0.2367,0.09998
12,0.89453,354.83851,27,0.39,-0.23199,0.09998
12,0.89453,354.83851,28,0.39,-0.22729,0.09998
12,0.89453,354.83851,29,0.39,-0.22261,0.09998
12,0.89453,354.83851,30,0.39,-0.21795,0.09998
12,0.89453,354.83851,31,0.39,-0.21329,0.09998
12,0.89453,354.83851,32,0.39,-0.20866,0.09998
12,0.89453,354.83851,33,0.39,-0.20403,0.09998
12,0.89453,354.83851,34,0.39,-0.19942,0.09998
12,0.89453,354.83851,35,0.39,-0.19483,0.09998
12,0.89453,354.83851,36,0.39,-0.19025,0.09998
12,0.89453,354.83851,37,0.39,-0.18568,0.09999
12,0.89453,354.83851,38,0.39,-0.18113,0.09998
12,0.89453,354.83851,39,0.39,-0.17659,0.09998
12,0.89453,354.83851,40,0.39,-0.17206,0.09998
12,0.89453,354.83851,41,0.39,-0.16755,0.09998
12,0.89453,354.83851,42,0.39,-0.16306,0.09998
12,0.89453,354.83851,43,0.39,-0.15857,0.09998
12,0.89453,354.83851,44,0.39,-0.1541,0.09998
12,0.89453,354.83851,45,0.39,-0.14964,0.09999
12,0.89453,354.83851,46,0.39,-0.1452,0.09999
12,0.89453,354.83851,47,0.39,-0.14077,0.09998
12,0.89453,354.83851,48,0.39,-0.13635,0.09998
12,0.89453,354.83851,49,0.39,-0.13195,0.09999
12,0.89453,354.83851,50,0.39,-0.12756,0.09999
12,0.89453,354.83851,51,0.39,-0.12318,0.09998
12,0.89453,354.83851,52,0.39,-0.11881,0.09999
12,0.89453,354.83851,53,0.39,-0.11446,0.09999
12,0.89453,354.83851,54,0.39,-0.11012,0.09999
12,0.89453,354.83851,55,0.39,-0.10579,0.09998
12,0.89453,354.83851,56,0.39,-0.10148,0.09998
12,0.89453,354.83851,57,0.39,-0.09718,0.09998
12,0.89453,354.83851,58,0.39,-0.09289,0.09999
12,0.89453,354.83851,59,0.39,-0.08861,0.09999
12,0.89453,354.83851,60,0.39,-0.08434,0.09999
12,0.89453,354.83851,61,0.39,-0.08009,0.09999
12,0.89453,354.83851,62,0.39,-0.07585,0.09998
12,0.89453,354.83851,63,0.39,-0.07162,0.09998
12,0.89453,354.83851,64,0.39,-0.06741,0.09998
12,0.89453,354.83851,65,0.39,-0.0632,0.09998
12,0.89453,354.83851,66,0.39,-0.05901,0.09998
12,0.89453,354.83851,67,0.39,-0.05483,0.09998
12,0.89453,354.83851,68,0.39,-0.05066,0.09998
12,0.89453,354.83851,69,0.39,-0.0465,0.09998
12,0.89453,354.83851,70,0.39,-0.04236,0.09998
12,0.89453,354.83851,71,0.39,-0.03822,0.09998
12,0.89453,354.83851,72,0.39,-0.0341,0.09998
12,0.89453,354.83851,73,0.39,-0.02999,0.09998
12,0.89453,354.83851,74,0.39,-0.02589,0.09999
12,0.89453,354.83851,75,0.39,-0.0218,0.09998
12,0.89453,354.83851,76,0.39,-0.01773,0.09998
12,0.89453,354.83851,77,0.39,-0.01366,0.09998
12,0.89453,354.83851,78,0.39,-0.00961,0.09998
12,0.89453,354.83851,79,0.39,-0.00557,0.09998
12,0.89453,354.83851,80,0.39,-0.00153,0.09998
12,0.89453,354.83851,81,0.39,0.00248,0.09998
12,0.89453,354.83851,82,0.39,0.00649,0.09998
12,0.89453,354.83851,83,0.39,0.01048,0.09998
12,0.89453,354.83851,84,0.39,0.01447,0.09998
12,0.89453,354.83851,85,0.39,0.01845,0.09999
12,0.89453,354.83851,86,0.39,0.02242,0.09998
12,0.89453,354.83851,87,0.39,0.02637,0.09998
12,0.89453,354.83851,88,0.39,0.03032,0.09998
12,0.89453,354.83851,89,0.39,0.03425,0.09998
12,0.89453,354.83851,90,0.39,0.03817,0.09998
12,0.89453,354.83851,91,0.39,0.04209,0.09998
12,0.89453,354.83851,92,0.39,0.04599,0.09998
12,0.89453,354.83851,93,0.39,0.04988,0.09998
12,0.89453,354.83851,94,0.39,0.05376,0.09998
12,0.89453,354.83851,95,0.39,0.05763,0.09998
12,0.89453,354.83851,96,0.39,0.0615,0.09998
12,0.89453,354.83851,97,0.39,0.06535,0.09999
12,0.89453,354.83851,98,0.39,0.06919,0.09999
12,0.89453,354.83851,99,0.39,0.07302,0.09998
12,0.89453,354.83851,100,0.39,0.07684,0.09999
12,0.89453,354.83851,101,0.39,0.08065,0.09998
12,0.89453,354.83851,102,0.39,0.08445,0.09998
12,0.89453,354.83851,103,0.39,0.08824,0.09999
12,0.89453,354.83851,104,0.39,0.09202,0.09998
12,0.89453,354.83851,105,0.39,0.09579,0.09999
12,0.89453,354.83851,106,0.39,0.09955,0.09999
12,0.89453,354.83851,107,0.39,0.1033,0.09998
12,0.89453,354.83851,108,0.39,0.10704,0.09998
12,0.89453,354.83851,109,0.39,0.11077,0.09998
12,0.89453,354.83851,110,0.39,0.1145,0.09998
12,0.89453,354.83851,111,0.39,0.11821,0.09998
12,0.89453,354.83851,112,0.39,0.12191,0.09998
12,0.89453,354.83851,113,0.39,0.1256,0.09998
12,0.89453,354.83851,114,0.39,0.12929,0.09998
12,0.89453,354.83851,115,0.39,0.13296,0.09998
12,0.89453,354.83851,116,0.39,0.13663,0.09998
12,0.89453,354.83851,117,0.39,0.14028,0.09998
12,0.89453,354.83851,118,0.39,0.14393,0.09998
12,0.89453,354.83851,119,0.39,0.14756,0.09998
12,0.89453,354.83851,120,0.39,0.15119,0.09998
12,0.89453,354.83851,121,0.39,0.15481,0.09998
12,0.89453,354.83851,122,0.39,0.15842,0.09998
12,0.89453,354.83851,123,0.39,0.16202,0.09998
12,0.89453,354.83851,124,0.39,0.16561,0.09998
12,0.89453,354.83851,125,0.39,0.16919,0.09998
12,0.89453,354.83851,126,0.39,0.17276,0.09998
13,0.90394,366.14612,1,0.10547,-0.15267,0.20886
13,0.90394,366.14612,2,0.1776,-0.22646,0.09837
13,0.90394,366.14612,3,0.22878,-0.27883,0.14648
13,0.90394,366.14612,4,0.27972,-0.33094,0.18058
13,0.90394,366.14612,5,0.33042,-0.38282,0.20076
13,0.90394,366.14612,6,0.36979,-0.37931,0.21522
13,0.90394,366.14612,7,0.38968,-0.36711,0.22098
13,0.90394,366.14612,8,0.39001,-0.35301,0.21742
13,0.90394,366.14612,9,0.39001,-0.33892,0.20017
13,0.90394,366.14612,10,0.39001,-0.32486,0.16918
13,0.90394,366.14612,11,0.39001,-0.31085,0.12452
13,0.90394,366.14612,12,0.39001,-0.30213,0.11168
13,0.90394,366.14612,13,0.39,-0.29762,0.12141
13,0.90394,366.14612,14,0.39,-0.29313,0.11734
13,0.90394,366.14612,15,0.39,-0.28864,0.10119
13,0.90394,366.14612,16,0.39001,-0.28419,0.09998
13,0.90394,366.14612,17,0.39001,-0.27975,0.09998
13,0.90394,366.14612,18,0.39,-0.27533,0.09998
13,0.90394,366.14612,19,0.39,-0.27093,0.09998
13,0.90394,366.14612,20,0.39,-0.26654,0.09998
13,0.90394,366.14612,21,0.39,-0.26217,0.09998
13,0.90394,366.14612,22,0.39,-0.25781,0.09998
13,0.90394,366.14612,23,0.39,-0.25346,0.09998
13,0.90394,366.14612,24,0.39,-0.24913,0.09998
13,0.90394,366.14612,25,0.39,-0.24482,0.09998
13,0.90394,366.14612,26,0.39,-0.24052,0.09998
13,0.90394,366.14612,27,0.39,-0.23623,0.09998
13,0.90394,366.14612,28,0.39,-0.23196,0.09998
13,0.90394,366.14612,29,0.39,-0.2277,0.09998
13,0.90394,366.14612,30,0.39,-0.22345,0.09998
13,0.90394,366.14612,31,0.39,-0.21922,0.09998
13,0.90394,366.14612,32,0.39,-0.21501,0.09998
13,0.90394,366.14612,33,0.39,-0.21081,0.09999
13,0.90394,366.14612,34,0.39,-0.20662,0.09998
13,0.90394,366.14612,35,0.39,-0.20244,0.09998
13,0.90394,366.14612,36,0.39,-0.19828,0.09999
13,0.90394,366.14612,37,0.39,-0.19413,0.09998
13,0.90394,366.14612,38,0.39,-0.18999,0.09998
13,0.90394,366.14612,39,0.39,-0.18587,0.09998
13,0.90394,366.14612,40,0.39,-0.18176,0.09998
13,0.90394,366.14612,41,0.39,-0.17767,0.09998
13,0.90394,366.14612,42,0.39,-0.17358,0.09999
13,0.90394,366.14612,43,0.39,-0.16951,0.09999
13,0.90394,366.14612,44,0.39,-0.16546,0.09998
13,0.90394,366.14612,45,0.39,-0.16141,0.09998
13,0.90394,366.14612,46,0.39,-0.15738,0.09998
13,0.90394,366.14612,47,0.39,-0.15336,0.09998
13,0.90394,366.14612,48,0.39,-0.14935,0.09999
13,0.90394,366.14612,49,0.39,-0.14536,0.09999
13,0.90394,366.14612,50,0.39,-0.14138,0.09999
13,0.90394,366.14612,51,0.39,-0.13741,0.09998
13,0.90394,366.14612,52,0.39,-0.13345,0.09998
13,0.90394,366.14612,53,0.39,-0.1295,0.09998
13,0.90394,366.14612,54,0.39,-0.12557,0.09998
13,0.90394,366.14612,55,0.39,-0.12165,0.09998
13,0.90394,366.14612,56,0.39,-0.11774,0.09999
13,0.90394,366.14612,57,0.39,-0.11384,0.09998
13,0.90394,366.14612,58,0.39,-0.10995,0.09998
13,0.90394,366.14612,59,0.39,-0.10607,0.09998
13,0.90394,366.14612,60,0.39,-0.10221,0.09998
13,0.90394,366.14612,61,0.39,-0.09836,0.09998
13,0.90394,366.14612,62,0.39,-0.09452,0.09998
13,0.90394,366.14612,63,0.39,-0.09069,0.09998
13,0.90394,366.14612,64,0.39,-0.08687,0.09998
13,0.90394,366.14612,65,0.39,-0.08307,0.09998
13,0.90394,366.14612,66,0.39,-0.07927,0.09999
13,0.90394,366.14612,67,0.39,-0.07549,0.09999
13,0.90394,366.14612,68,0.39,-0.07171,0.09998
13,0.90394,366.14612,69,0.39,-0.06795,0.09998
13,0.90394,366.14612,70,0.39,-0.0642,0.09998
13,0.90394,366.14612,71,0.39,-0.06046,0.09998
13,0.90394,366.14612,72,0.39,-0.05673,0.09998
13,0.90394,366.14612,73,0.39,-0.05301,0.09999
13,0.90394,366.14612,74,0.39,-0.0493,0.09998
13,0.90394,366.14612,75,0.39,-0.0456,0.09998
13,0.90394,366.14612,76,0.39,-0.04192,0.09998
13,0.90394,366.14612,77,0.39,-0.03824,0.09998
13,0.90394,366.14612,78,0.39,-0.03457,0.09998
13,0.90394,366.14612,79,0.39,-0.03092,0.09999
13,0.90394,366.14612,80,0.39,-0.02727,0.09998
13,0.90394,366.14612,81,0.39,-0.02364,0.09998
13,0.90394,366.14612,82,0.39,-0.02001,0.09998
13,0.90394,366.14612,83,0.39,-0.0164,0.09998
13,0.90394,366.14612,84,0.39,-0.0128,0.09998
13,0.90394,366.14612,85,0.39,-0.0092,0.09999
13,0.90394,366.14612,86,0.39,-0.00562,0.09998
13,0.90394,366.14612,87,0.39,-0.00204,0.09999
13,0.90394,366.14612,88,0.39,0.00151,0.09998
13,0.90394,366.14612,89,0.39,0.00507,0.09998
13,0.90394,366.14612,90,0.39,0.00861,0.09998
13,0.90394,366.14612,91,0.39,0.01215,0.09998
13,0.90394,366.14612,92,0.39,0.01567,0.09998
13,0.90394,366.14612,93,0.39,0.01919,0.09998
13,0.90394,366.14612,94,0.39,0.02269,0.09998
13,0.90394,366.14612,95,0.39,0.02619,0.09999
13,0.90394,366.14612,96,0.39,0.02967,0.09998
13,0.90394,366.14612,97,0.39,0.03315,0.09998
13,0.90394,366.14612,98,0.39,0.03662,0.09998
13,0.90394,366.14612,99,0.39,0.04008,0.09998
13,0.90394,366.14612,100,0.39,0.04353,0.09998
13,0.90394,366.14612,101,0.39,0.04697,0.09998
13,0.90394,366.14612,102,0.39,0.0504,0.09998
13,0.90394,366.14612,103,0.39,0.05382,0.09998
13,0.90394,366.14612,104,0.39,0.05723,0.09998
13,0.90394,366.14612,105,0.39,0.06063,0.09998
13,0.90394,366.14612,106,0.39,0.06403,0.09998
13,0.90394,366.14612,107,0.39,0.06741,0.09998
13,0.90394,366.14612,108,0.39,0.07079,0.09998
13,0.90394,366.14612,109,0.39,0.07415,0.09998
13,0.90394,366.14612,110,0.39,0.07751,0.09998
13,0.90394,366.14612,111,0.39,0.08086,0.09998
13,0.90394,366.14612,112,0.39,0.0842,0.09998
13,0.90394,366.14612,113,0.39,0.08753,0.09998
13,0.90394,366.14612,114,0.39,0.09085,0.09998
13,0.90394,366.14612,115,0.39,0.09417,0.09998
13,0.90394,366.14612,116,0.39,0.09747,0.09998
13,0.90394,366.14612,117,0.39,0.10077,0.09998
13,0.90394,366.14612,118,0.39,0.10406,0.09998
13,0.90394,366.14612,119,0.39,0.10734,0.09998
13,0.90394,366.14612,120,0.39,0.11061,0.09998
13,0.90394,366.14612,121,0.39,0.11387,0.09998
13,0.90394,366.14612,122,0.39,0.11712,0.09999
13,0.90394,366.14612,123,0.39,0.12037,0.09998
13,0.90394,366.14612,124,0.39,0.12361,0.09998
13,0.90394,366.14612,125,0.39,0.12684,0.09999
13,0.90394,366.14612,126,0.39,0.13006,0.09999
14,0.90021,361.47006,1,0.10547,-0.15267,0.20886
14,0.90021,361.47006,2,0.1776,-0.22646,0.09837
14,0.90021,361.47006,3,0.22878,-0.27883,0.14626
14,0.90021,361.47006,4,0.27972,-0.33094,0.18014
14,0.90021,361.47006,5,0.33043,-0.38282,0.20011
14,0.90021,361.47006,6,0.36983,-0.37939,0.21437
14,0.90021,361.47006,7,0.3896,-0.36726,0.21998
14,0.90021,361.47006,8,0.39001,-0.35326,0.21622
14,0.90021,361.47006,9,0.39001,-0.33926,0.19879
14,0.90021,361.47006,10,0.39001,-0.3253,0.16763
14,0.90021,361.47006,11,0.39001,-0.31138,0.12279
14,0.90021,361.47006,12,0.39001,-0.30277,0.11199
14,0.90021,361.47006,13,0.39,-0.2984,0.12553
14,0.90021,361.47006,14,0.39,-0.29403,0.12527
14,0.90021,361.47006,15,0.39,-0.28968,0.11122
14,0.90021,361.47006,16,0.39001,-0.28535,0.10293
14,0.90021,361.47006,17,0.39001,-0.28104,0.09999
14,0.90021,361.47006,18,0.39001,-0.27675,0.09999
14,0.90021,361.47006,19,0.39,-0.27248,0.09998
14,0.90021,361.47006,20,0.39,-0.26822,0.09999
14,0.90021,361.47006,21,0.39,-0.26398,0.09999
14,0.90021,361.47006,22,0.39,-0.25975,0.09999
14,0.90021,361.47006,23,0.39,-0.25553,0.09998
14,0.90021,361.47006,24,0.39,-0.25133,0.09998
14,0.90021,361.47006,25,0.39,-0.24715,0.09998
14,0.90021,361.47006,26,0.39,-0.24297,0.09998
14,0.90021,361.47006,27,0.39,-0.23882,0.09998
14,0.90021,361.47006,28,0.39,-0.23467,0.09998
14,0.90021,361.47006,29,0.39,-0.23054,0.09998
14,0.90021,361.47006,30,0.39,-0.22642,0.09998
14,0.90021,361.47006,31,0.39,-0.22232,0.09998
14,0.90021,361.47006,32,0.39,-0.21823,0.09998
14,0.90021,361.47006,33,0.39,-0.21415,0.09998
14,0.90021,361.47006,34,0.39,-0.21009,0.09999
14,0.90021,361.47006,35,0.39,-0.20604,0.09999
14,0.90021,361.47006,36,0.39,-0.202,0.09999
14,0.90021,361.47006,37,0.39,-0.19798,0.09999
14,0.90021,361.47006,38,0.39,-0.19397,0.09998
14,0.90021,361.47006,39,0.39,-0.18997,0.09998
14,0.90021,361.47006,40,0.39,-0.18598,0.09998
14,0.90021,361.47006,41,0.39,-0.18201,0.09998
14,0.90021,361.47006,42,0.39,-0.17805,0.09998
14,0.90021,361.47006,43,0.39,-0.1741,0.09998
14,0.90021,361.47006,44,0.39,-0.17016,0.09998
14,0.90021,361.47006,45,0.39,-0.16624,0.09998
14,0.90021,361.47006,46,0.39,-0.16233,0.09998
14,0.90021,361.47006,47,0.39,-0.15843,0.09998
14,0.90021,361.47006,48,0.39,-0.15454,0.09998
14,0.90021,361.47006,49,0.39,-0.15067,0.09998
14,0.90021,361.47006,50,0.39,-0.14681,0.09998
14,0.90021,361.47006,51,0.39,-0.14296,0.09998
14,0.90021,361.47006,52,0.39,-0.13912,0.09998
14,0.90021,361.47006,53,0.39,-0.13529,0.09998
14,0.90021,361.47006,54,0.39,-0.13148,0.09998
14,0.90021,361.47006,55,0.39,-0.12767,0.09998
14,0.90021,361.47006,56,0.39,-0.12388,0.09999
14,0.90021,361.47006,57,0.39,-0.1201,0.09999
14,0.90021,361.47006,58,0.39,-0.11633,0.09998
14,0.90021,361.47006,59,0.39,-0.11257,0.09998
14,0.90021,361.47006,60,0.39,-0.10882,0.09998
14,0.90021,361.47006,61,0.39,-0.10509,0.09998
14,0.90021,361.47006,62,0.39,-0.10136,0.09999
14,0.90021,361.47006,63,0.39,-0.09765,0.09999
14,0.90021,361.47006,64,0.39,-0.09395,0.09998
14,0.90021,361.47006,65,0.39,-0.09025,0.09998
14,0.90021,361.47006,66,0.39,-0.08657,0.09998
14,0.90021,361.47006,67,0.39,-0.0829,0.09998
14,0.90021,361.47006,68,0.39,-0.07924,0.09998
14,0.90021,361.47006,69,0.39,-0.0756,0.09999
14,0.90021,361.47006,70,0.39,-0.07196,0.09998
14,0.90021,361.47006,71,0.39,-0.06833,0.09998
14,0.90021,361.47006,72,0.39,-0.06471,0.09998
14,0.90021,361.47006,73,0.39,-0.06111,0.09999
14,0.90021,361.47006,74,0.39,-0.05751,0.09998
14,0.90021,361.47006,75,0.39,-0.05392,0.09998
14,0.90021,361.47006,76,0.39,-0.05035,0.09999
14,0.90021,361.47006,77,0.39,-0.04678,0.09998
14,0.90021,361.47006,78,0.39,-0.04323,0.09998
14,0.90021,361.47006,79,0.39,-0.03968,0.09998
14,0.90021,361.47006,80,0.39,-0.03615,0.09998
14,0.90021,361.47006,81,0.39,-0.03262,0.09998
14,0.90021,361.47006,82,0.39,-0.02911,0.09998
14,0.90021,361.47006,83,0.39,-0.0256,0.09999
14,0.90021,361.47006,84,0.39,-0.02211,0.09999
14,0.90021,361.47006,85,0.39,-0.01862,0.09999
14,0.90021,361.47006,86,0.39,-0.01515,0.09998
14,0.90021,361.47006,87,0.39,-0.01168,0.09999
14,0.90021,361.47006,88,0.39,-0.00822,0.09999
14,0.90021,361.47006,89,0.39,-0.00478,0.09999
14,0.90021,361.47006,90,0.39,-0.00134,0.09999
14,0.90021,361.47006,91,0.39,0.00208,0.09999
14,0.90021,361.47006,92,0.39,0.0055,0.09998
14,0.90021,361.47006,93,0.39,0.00891,0.09998
14,0.90021,361.47006,94,0.39,0.0123,0.09998
14,0.90021,361.47006,95,0.39,0.01569,0.09998
14,0.90021,361.47006,96,0.39,0.01908,0.09998
14,0.90021,361.47006,97,0.39,0.02245,0.09998
14,0.90021,361.47006,98,0.39,0.02581,0.09998
14,0.90021,361.47006,99,0.39,0.02916,0.09998
14,0.90021,361.47006,100,0.39,0.03251,0.09998
14,0.90021,361.47006,101,0.39,0.03584,0.09998
14,0.90021,361.47006,102,0.39,0.03917,0.09999
14,0.90021,361.47006,103,0.39,0.04249,0.09999
14,0.90021,361.47006,104,0.39,0.0458,0.09999
14,0.90021,361.47006,105,0.39,0.0491,0.09999
14,0.90021,361.47006,106,0.39,0.05239,0.09998
14,0.90021,361.47006,107,0.39,0.05567,0.09999
14,0.90021,361.47006,108,0.39,0.05894,0.09999
14,0.90021,361.47006,109,0.39,0.06221,0.09999
14,0.90021,361.47006,110,0.39,0.06546,0.09999
14,0.90021,361.47006,111,0.39,0.06871,0.09998
14,0.90021,361.47006,112,0.39,0.07195,0.09998
14,0.90021,361.47006,113,0.39,0.07518,0.09998
14,0.90021,361.47006,114,0.39,0.0784,0.09998
14,0.90021,361.47006,115,0.39,0.08162,0.09998
14,0.90021,361.47006,116,0.39,0.08482,0.09998
14,0.90021,361.47006,117,0.39,0.08802,0.09998
14,0.90021,361.47006,118,0.39,0.09121,0.09998
14,0.90021,361.47006,119,0.39,0.09439,0.09998
14,0.90021,361.47006,120,0.39,0.09756,0.09998
14,0.90021,361.47006,121,0.39,0.10072,0.09998
14,0.90021,361.47006,122,0.39,0.10388,0.09998
14,0.90021,361.47006,123,0.39,0.10702,0.09998
14,0.90021,361.47006,124,0.39,0.11016,0.09998
14,0.90021,361.47006,125,0.39,0.11329,0.09999
14,0.90021,361.47006,126,0.39,0.11642,0.09998
15,0.89761,362.81572,1,0.10547,-0.15267,0.20886
15,0.89761,362.81572,2,0.1776,-0.22646,0.09837
15,0.89761,362.81572,3,0.22878,-0.27883,0.1461
15,0.89761,362.81572,4,0.27972,-0.33094,0.17984
15,0.89761,362.81572,5,0.33043,-0.38282,0.19965
15,0.89761,362.81572,6,0.36985,-0.37945,0.21378
15,0.89761,362.81572,7,0.38955,-0.36737,0.21928
15,0.89761,362.81572,8,0.39001,-0.35343,0.21538
15,0.89761,362.81572,9,0.39001,-0.33949,0.19783
15,0.89761,362.81572,10,0.39001,-0.3256,0.16654
15,0.89761,362.81572,11,0.39001,-0.31174,0.12158
15,0.89761,362.81572,12,0.39001,-0.30319,0.11122
15,0.89761,362.81572,13,0.39,-0.29887,0.12565
15,0.89761,362.81572,14,0.39,-0.29456,0.12627
15,0.89761,362.81572,15,0.39,-0.29026,0.1131
15,0.89761,362.81572,16,0.39001,-0.28598,0.10064
15,0.89761,362.81572,17,0.39001,-0.28173,0.09998
15,0.89761,362.81572,18,0.39001,-0.2775,0.09998
15,0.89761,362.81572,19,0.39,-0.27328,0.09998
15,0.89761,362.81572,20,0.39,-0.26907,0.09998
15,0.89761,362.81572,21,0.39,-0.26488,0.09998
15,0.89761,362.81572,22,0.39,-0.2607,0.09998
15,0.89761,362.81572,23,0.39,-0.25654,0.09998
15,0.89761,362.81572,24,0.39,-0.25239,0.09998
15,0.89761,362.81572,25,0.39,-0.24825,0.09998
15,0.89761,362.81572,26,0.39,-0.24413,0.09998
15,0.89761,362.81572,27,0.39,-0.24003,0.09998
15,0.89761,362.81572,28,0.39,-0.23593,0.09998
15,0.89761,362.81572,29,0.39,-0.23185,0.09998
15,0.89761,362.81572,30,0.39,-0.22779,0.09998
15,0.89761,362.81572,31,0.39,-0.22373,0.09998
15,0.89761,362.81572,32,0.39,-0.21969,0.09998
15,0.89761,362.81572,33,0.39,-0.21567,0.09998
15,0.89761,362.81572,34,0.39,-0.21165,0.09999
15,0.89761,362.81572,35,0.39,-0.20765,0.09998
15,0.89761,362.81572,36,0.39,-0.20366,0.09998
15,0.89761,362.81572,37,0.39,-0.19969,0.09998
15,0.89761,362.81572,38,0.39,-0.19573,0.09999
15,0.89761,362.81572,39,0.39,-0.19178,0.09999
15,0.89761,362.81572,40,0.39,-0.18784,0.09999
15,0.89761,362.81572,41,0.39,-0.18392,0.09999
15,0.89761,362.81572,42,0.39,-0.18,0.09998
15,0.89761,362.81572,43,0.39,-0.1761,0.09998
15,0.89761,362.81572,44,0.39,-0.17222,0.09998
15,0.89761,362.81572,45,0.39,-0.16834,0.09998
15,0.89761,362.81572,46,0.39,-0.16448,0.09999
15,0.89761,362.81572,47,0.39,-0.16063,0.09999
15,0.89761,362.81572,48,0.39,-0.15679,0.09999
15,0.89761,362.81572,49,0.39,-0.15296,0.09999
15,0.89761,362.81572,50,0.39,-0.14915,0.09998
15,0.89761,362.81572,51,0.39,-0.14534,0.09998
15,0.89761,362.81572,52,0.39,-0.14155,0.09998
15,0.89761,362.81572,53,0.39,-0.13777,0.09998
15,0.89761,362.81572,54,0.39,-0.134,0.09998
15,0.89761,362.81572,55,0.39,-0.13024,0.09999
15,0.89761,362.81572,56,0.39,-0.1265,0.09999
15,0.89761,362.81572,57,0.39,-0.12276,0.09999
15,0.89761,362.81572,58,0.39,-0.11904,0.09998
15,0.89761,362.81572,59,0.39,-0.11533,0.09998
15,0.89761,362.81572,60,0.39,-0.11163,0.09998
15,0.89761,362.81572,61,0.39,-0.10794,0.09998
15,0.89761,362.81572,62,0.39,-0.10426,0.09998
15,0.89761,362.81572,63,0.39,-0.10059,0.09999
15,0.89761,362.81572,64,0.39,-0.09693,0.09999
15,0.89761,362.81572,65,0.39,-0.09328,0.09998
15,0.89761,362.81572,66,0.39,-0.08965,0.09998
15,0.89761,362.81572,67,0.39,-0.08602,0.09998
15,0.89761,362.81572,68,0.39,-0.08241,0.09998
15,0.89761,362.81572,69,0.39,-0.0788,0.09999
15,0.89761,362.81572,70,0.39,-0.07521,0.09998
15,0.89761,362.81572,71,0.39,-0.07163,0.09998
15,0.89761,362.81572,72,0.39,-0.06805,0.09998
15,0.89761,362.81572,73,0.39,-0.06449,0.09998
15,0.89761,362.81572,74,0.39,-0.06094,0.09998
15,0.89761,362.81572,75,0.39,-0.0574,0.09998
15,0.89761,362.81572,76,0.39,-0.05386,0.09998
15,0.89761,362.81572,77,0.39,-0.05034,0.09998
15,0.89761,362.81572,78,0.39,-0.04683,0.09998
15,0.89761,362.81572,79,0.39,-0.04333,0.09998
15,0.89761,362.81572,80,0.39,-0.03984,0.09998
15,0.89761,362.81572,81,0.39,-0.03635,0.09998
15,0.89761,362.81572,82,0.39,-0.03288,0.09998
15,0.89761,362.81572,83,0.39,-0.02942,0.09998
15,0.89761,362.81572,84,0.39,-0.02597,0.09998
15,0.89761,362.81572,85,0.39,-0.02252,0.09999
15,0.89761,362.81572,86,0.39,-0.01909,0.09999
15,0.89761,362.81572,87,0.39,-0.01567,0.09999
15,0.89761,362.81572,88,0.39,-0.01225,0.09999
15,0.89761,362.81572,89,0.39,-0.00885,0.09998
15,0.89761,362.81572,90,0.39,-0.00545,0.09999
15,0.89761,362.81572,91,0.39,-0.00207,0.09999
15,0.89761,362.81572,92,0.39,0.0013,0.09998
15,0.89761,362.81572,93,0.39,0.00467,0.09998
15,0.89761,362.81572,94,0.39,0.00803,0.09998
15,0.89761,362.81572,95,0.39,0.01138,0.09998
15,0.89761,362.81572,96,0.39,0.01472,0.09998
15,0.89761,362.81572,97,0.39,0.01805,0.09998
15,0.89761,362.81572,98,0.39,0.02137,0.09998
15,0.89761,362.81572,99,0.39,0.02468,0.09998
15,0.89761,362.81572,100,0.39,0.02799,0.09998
15,0.89761,362.81572,101,0.39,0.03128,0.09998
15,0.89761,362.81572,102,0.39,0.03457,0.09998
15,0.89761,362.81572,103,0.39,0.03784,0.09998
15,0.89761,362.81572,104,0.39,0.04111,0.09998
15,0.89761,362.81572,105,0.39,0.04437,0.09998
15,0.89761,362.81572,106,0.39,0.04762,0.09998
15,0.89761,362.81572,107,0.39,0.05087,0.09998
15,0.89761,362.81572,108,0.39,0.0541,0.09998
15,0.89761,362.81572,109,0.39,0.05733,0.09998
15,0.89761,362.81572,110,0.39,0.06054,0.09998
15,0.89761,362.81572,111,0.39,0.06375,0.09998
15,0.89761,362.81572,112,0.39,0.06695,0.09998
15,0.89761,362.81572,113,0.39,0.07014,0.09998
15,0.89761,362.81572,114,0.39,0.07332,0.09998
15,0.89761,362.81572,115,0.39,0.0765,0.09998
15,0.89761,362.81572,116,0.39,0.07966,0.09998
15,0.89761,362.81572,117,0.39,0.08282,0.09998
15,0.89761,362.81572,118,0.39,0.08597,0.09998
15,0.89761,362.81572,119,0.39,0.08911,0.09998
15,0.89761,362.81572,120,0.39,0.09225,0.09999
15,0.89761,362.81572,121,0.39,0.09537,0.09999
15,0.89761,362.81572,122,0.39,0.09849,0.09998
15,0.89761,362.81572,123,0.39,0.1016,0.09998
15,0.89761,362.81572,124,0.39,0.1047,0.09998
15,0.89761,362.81572,125,0.39,0.10779,0.09998
15,0.89761,362.81572,126,0.39,0.11088,0.09998
16,0.90095,357.50357,1,0.10547,-0.15267,0.20886
16,0.90095,357.50357,2,0.1776,-0.22646,0.09837
16,0.90095,357.50357,3,0.22878,-0.27883,0.1463
16,0.90095,357.50357,4,0.27972,-0.33094,0.18023
16,0.90095,357.50357,5,0.33042,-0.38282,0.20024
16,0.90095,357.50357,6,0.36982,-0.37938,0.21454
16,0.90095,357.50357,7,0.38962,-0.36723,0.22017
16,0.90095,357.50357,8,0.39001,-0.35321,0.21646
16,0.90095,357.50357,9,0.39001,-0.33919,0.19906
16,0.90095,357.50357,10,0.39001,-0.32521,0.16794
16,0.90095,357.50357,11,0.39001,-0.31127,0.12313
16,0.90095,357.50357,12,0.39001,-0.30265,0.11221
16,0.90095,357.50357,13,0.39,-0.29826,0.1255
16,0.90095,357.50357,14,0.39,-0.29388,0.12498
16,0.90095,357.50357,15,0.39,-0.28951,0.11069
16,0.90095,357.50357,16,0.39001,-0.28517,0.10058
16,0.90095,357.50357,17,0.39001,-0.28085,0.09998
16,0.90095,357.50357,18,0.39,-0.27654,0.09998
16,0.90095,357.50357,19,0.39,-0.27226,0.09998
16,0.90095,357.50357,20,0.39,-0.26798,0.09998
16,0.90095,357.50357,21,0.39,-0.26372,0.09998
16,0.90095,357.50357,22,0.39,-0.25948,0.09998
16,0.90095,357.50357,23,0.39,-0.25525,0.09998
16,0.90095,357.50357,24,0.39,-0.25103,0.09998
16,0.90095,357.50357,25,0.39,-0.24683,0.09998
16,0.90095,357.50357,26,0.39,-0.24264,0.09998
16,0.90095,357.50357,27,0.39,-0.23847,0.09998
16,0.90095,357.50357,28,0.39,-0.23431,0.09998
16,0.90095,357.50357,29,0.39,-0.23016,0.09998
16,0.90095,357.50357,30,0.39,-0.22603,0.09998
16,0.90095,357.50357,31,0.39,-0.22191,0.09998
16,0.90095,357.50357,32,0.39,-0.21781,0.09998
16,0.90095,357.50357,33,0.39,-0.21372,0.09998
16,0.90095,357.50357,34,0.39,-0.20964,0.09998
16,0.90095,357.50357,35,0.39,-0.20557,0.09998
16,0.90095,357.50357,36,0.39,-0.20152,0.09998
16,0.90095,357.50357,37,0.39,-0.19748,0.09999
16,0.90095,357.50357,38,0.39,-0.19346,0.09999
16,0.90095,357.50357,39,0.39,-0.18945,0.09999
16,0.90095,357.50357,40,0.39,-0.18545,0.09999
16,0.90095,357.50357,41,0.39,-0.18146,0.09999
16,0.90095,357.50357,42,0.39,-0.17748,0.09999
16,0.90095,357.50357,43,0.39,-0.17352,0.09998
16,0.90095,357.50357,44,0.39,-0.16957,0.09998
16,0.90095,357.50357,45,0.39,-0.16563,0.09998
16,0.90095,357.50357,46,0.39,-0.16171,0.09998
16,0.90095,357.50357,47,0.39,-0.1578,0.09998
16,0.90095,357.50357,48,0.39,-0.1539,0.09998
16,0.90095,357.50357,49,0.39,-0.15001,0.09998
16,0.90095,357.50357,50,0.39,-0.14613,0.09998
16,0.90095,357.50357,51,0.39,-0.14227,0.09999
16,0.90095,357.50357,52,0.39,-0.13841,0.09998
16,0.90095,357.50357,53,0.39,-0.13457,0.09998
16,0.90095,357.50357,54,0.39,-0.13074,0.09998
16,0.90095,357.50357,55,0.39,-0.12693,0.09998
16,0.90095,357.50357,56,0.39,-0.12312,0.09998
16,0.90095,357.50357,57,0.39,-0.11932,0.09998
16,0.90095,357.50357,58,0.39,-0.11554,0.09998
16,0.90095,357.50357,59,0.39,-0.11177,0.09998
16,0.90095,357.50357,60,0.39,-0.10801,0.09998
16,0.90095,357.50357,61,0.39,-0.10426,0.09999
16,0.90095,357.50357,62,0.39,-0.10052,0.09998
16,0.90095,357.50357,63,0.39,-0.09679,0.09998
16,0.90095,357.50357,64,0.39,-0.09308,0.09999
16,0.90095,357.50357,65,0.39,-0.08937,0.09998
16,0.90095,357.50357,66,0.39,-0.08568,0.09998
16,0.90095,357.50357,67,0.39,-0.082,0.09998
16,0.90095,357.50357,68,0.39,-0.07832,0.09998
16,0.90095,357.50357,69,0.39,-0.07466,0.09998
16,0.90095,357.50357,70,0.39,-0.07101,0.09998
16,0.90095,357.50357,71,0.39,-0.06737,0.09998
16,0.90095,357.50357,72,0.39,-0.06374,0.09999
16,0.90095,357.50357,73,0.39,-0.06012,0.09998
16,0.90095,357.50357,74,0.39,-0.05651,0.09998
16,0.90095,357.50357,75,0.39,-0.05291,0.09998
16,0.90095,357.50357,76,0.39,-0.04932,0.09998
16,0.90095,357.50357,77,0.39,-0.04575,0.09999
16,0.90095,357.50357,78,0.39,-0.04218,0.09998
16,0.90095,357.50357,79,0.39,-0.03862,0.09998
16,0.90095,357.50357,80,0.39,-0.03507,0.09998
16,0.90095,357.50357,81,0.39,-0.03154,0.09998
16,0.90095,357.50357,82,0.39,-0.02801,0.09999
16,0.90095,357.50357,83,0.39,-0.02449,0.09999
16,0.90095,357.50357,84,0.39,-0.02098,0.09999
16,0.90095,357.50357,85,0.39,-0.01748,0.09998
16,0.90095,357.50357,86,0.39,-0.014,0.09998
16,0.90095,357.50357,87,0.39,-0.01052,0.09998
16,0.90095,357.50357,88,0.39,-0.00705,0.09998
16,0.90095,357.50357,89,0.39,-0.00359,0.09998
16,0.90095,357.50357,90,0.39,-0.00014,0.09998
16,0.90095,357.50357,91,0.39,0.00329,0.09999
16,0.90095,357.50357,92,0.39,0.00672,0.09998
16,0.90095,357.50357,93,0.39,0.01014,0.09998
16,0.90095,357.50357,94,0.39,0.01355,0.09998
16,0.90095,357.50357,95,0.39,0.01696,0.09998
16,0.90095,357.50357,96,0.39,0.02035,0.09998
16,0.90095,357.50357,97,0.39,0.02373,0.09998
16,0.90095,357.50357,98,0.39,0.02711,0.09998
16,0.90095,357.50357,99,0.39,0.03047,0.09998
16,0.90095,357.50357,100,0.39,0.03383,0.09998
16,0.90095,357.50357,101,0.39,0.03718,0.09999
16,0.90095,357.50357,102,0.39,0.04052,0.09998
16,0.90095,357.50357,103,0.39,0.04384,0.09998
16,0.90095,357.50357,104,0.39,0.04717,0.09998
16,0.90095,357.50357,105,0.39,0.05048,0.09998
16,0.90095,357.50357,106,0.39,0.05378,0.09998
16,0.90095,357.50357,107,0.39,0.05707,0.09998
16,0.90095,357.50357,108,0.39,0.06036,0.09998
16,0.90095,357.50357,109,0.39,0.06363,0.09998
16,0.90095,357.50357,110,0.39,0.0669,0.09998
16,0.90095,357.50357,111,0.39,0.07016,0.09998
16,0.90095,357.50357,112,0.39,0.07341,0.09999
16,0.90095,357.50357,113,0.39,0.07665,0.09998
16,0.90095,357.50357,114,0.39,0.07989,0.09998
16,0.90095,357.50357,115,0.39,0.08311,0.09998
16,0.90095,357.50357,116,0.39,0.08633,0.09998
16,0.90095,357.50357,117,0.39,0.08954,0.09998
16,0.90095,357.50357,118,0.39,0.09274,0.09999
16,0.90095,357.50357,119,0.39,0.09593,0.09999
16,0.90095,357.50357,120,0.39,0.09911,0.09998
16,0.90095,357.50357,121,0.39,0.10228,0.09998
16,0.90095,357.50357,122,0.39,0.10545,0.09998
16,0.90095,357.50357,123,0.39,0.10861,0.09998
16,0.90095,357.50357,124,0.39,0.11176,0.09998
16,0.90095,357.50357,125,0.39,0.1149,0.09998
16,0.90095,357.50357,126,0.39,0.11804,0.09998
17,0.89484,381.83242,1,0.10547,-0.15267,0.20886
17,0.89484,381.83242,2,0.1776,-0.22646,0.09837
17,0.89484,381.83242,3,0.22878,-0.27883,0.14594
17,0.89484,381.83242,4,0.27972,-0.33094,0.17952
17,0.89484,381.83242,5,0.33043,-0.38282,0.19917
17,0.89484,381.83242,6,0.36988,-0.3795,0.21315
17,0.89484,381.83242,7,0.3895,-0.36749,0.21853
17,0.89484,381.83242,8,0.38978,-0.3536,0.21454
17,0.89484,381.83242,9,0.39001,-0.33974,0.1968
17,0.89484,381.83242,10,0.39001,-0.3259,0.16538
17,0.89484,381.83242,11,0.39001,-0.31211,0.12028
17,0.89484,381.83242,12,0.39001,-0.30419,0.10329
17,0.89484,381.83242,13,0.39001,-0.29919,0.09998
17,0.89484,381.83242,14,0.39001,-0.29421,0.09998
17,0.89484,381.83242,15,0.39,-0.28925,0.09998
17,0.89484,381.83242,16,0.39,-0.28431,0.09998
17,0.89484,381.83242,17,0.39,-0.27938,0.09998
17,0.89484,381.83242,18,0.39,-0.27446,0.09998
17,0.89484,381.83242,19,0.39,-0.26957,0.09998
17,0.89484,381.83242,20,0.39,-0.26469,0.09998
17,0.89484,381.83242,21,0.39,-0.25982,0.09998
17,0.89484,381.83242,22,0.39,-0.25497,0.09998
17,0.89484,381.83242,23,0.39,-0.25014,0.09998
17,0.89484,381.83242,24,0.39,-0.24532,0.09998
17,0.89484,381.83242,25,0.39,-0.24051,0.09998
17,0.89484,381.83242,26,0.39,-0.23572,0.09998
17,0.89484,381.83242,27,0.39,-0.23095,0.09998
17,0.89484,381.83242,28,0.39,-0.22619,0.09998
17,0.89484,381.83242,29,0.39,-0.22145,0.09998
17,0.89484,381.83242,30,0.39,-0.21672,0.09998
17,0.89484,381.83242,31,0.39,-0.212,0.09998
17,0.89484,381.83242,32,0.39,-0.2073,0.09998
17,0.89484,381.83242,33,0.39,-0.20262,0.09998
17,0.89484,381.83242,34,0.39,-0.19795,0.09998
17,0.89484,381.83242,35,0.39,-0.19329,0.09998
17,0.89484,381.83242,36,0.39,-0.18865,0.09998
17,0.89484,381.83242,37,0.39,-0.18402,0.09998
17,0.89484,381.83242,38,0.39,-0.17941,0.09998
17,0.89484,381.83242,39,0.39,-0.17481,0.09998
17,0.89484,381.83242,40,0.39,-0.17022,0.09998
17,0.89484,381.83242,41,0.39,-0.16565,0.09998
17,0.89484,381.83242,42,0.39,-0.16109,0.09998
17,0.89484,381.83242,43,0.39,-0.15655,0.09999
17,0.89484,381.83242,44,0.39,-0.15202,0.09999
17,0.89484,381.83242,45,0.39,-0.1475,0.09998
17,0.89484,381.83242,46,0.39,-0.143,0.09999
17,0.89484,381.83242,47,0.39,-0.1385,0.09999
17,0.89484,381.83242,48,0.39,-0.13403,0.09999
17,0.89484,381.83242,49,0.39,-0.12956,0.09999
17,0.89484,381.83242,50,0.39,-0.12511,0.09999
17,0.89484,381.83242,51,0.39,-0.12067,0.09998
17,0.89484,381.83242,52,0.39,-0.11625,0.09998
17,0.89484,381.83242,53,0.39,-0.11184,0.09999
17,0.89484,381.83242,54,0.39,-0.10744,0.09999
17,0.89484,381.83242,55,0.39,-0.10305,0.09998
17,0.89484,381.83242,56,0.39,-0.09868,0.09999
17,0.89484,381.83242,57,0.39,-0.09432,0.09998
17,0.89484,381.83242,58,0.39,-0.08997,0.09999
17,0.89484,381.83242,59,0.39,-0.08563,0.09999
17,0.89484,381.83242,60,0.39,-0.08131,0.09998
17,0.89484,381.83242,61,0.39,-0.077,0.09999
17,0.89484,381.83242,62,0.39,-0.0727,0.09999
17,0.89484,381.83242,63,0.39,-0.06841,0.09999
17,0.89484,381.83242,64,0.39,-0.06414,0.09998
17,0.89484,381.83242,65,0.39,-0.05988,0.09998
17,0.89484,381.83242,66,0.39,-0.05563,0.09998
17,0.89484,381.83242,67,0.39,-0.05139,0.09998
17,0.89484,381.83242,68,0.39,-0.04716,0.09998
17,0.89484,381.83242,69,0.39,-0.04295,0.09999
17,0.89484,381.83242,70,0.39,-0.03875,0.09999
17,0.89484,381.83242,71,0.39,-0.03456,0.09998
17,0.89484,381.83242,72,0.39,-0.03038,0.09998
17,0.89484,381.83242,73,0.39,-0.02621,0.09998
17,0.89484,381.83242,74,0.39,-0.02205,0.09998
17,0.89484,381.83242,75,0.39,-0.01791,0.09998
17,0.89484,381.83242,76,0.39,-0.01378,0.09998
17,0.89484,381.83242,77,0.39,-0.00966,0.09999
17,0.89484,381.83242,78,0.39,-0.00555,0.09998
17,0.89484,381.83242,79,0.39,-0.00145,0.09998
17,0.89484,381.83242,80,0.39,0.00263,0.09998
17,0.89484,381.83242,81,0.39,0.00671,0.09998
17,0.89484,381.83242,82,0.39,0.01077,0.09998
17,0.89484,381.83242,83,0.39,0.01483,0.09998
17,0.89484,381.83242,84,0.39,0.01887,0.09998
17,0.89484,381.83242,85,0.39,0.0229,0.09998
17,0.89484,381.83242,86,0.39,0.02692,0.09998
17,0.89484,381.83242,87,0.39,0.03093,0.09998
17,0.89484,381.83242,88,0.39,0.03493,0.09998
17,0.89484,381.83242,89,0.39,0.03892,0.09998
17,0.89484,381.83242,90,0.39,0.0429,0.09998
17,0.89484,381.83242,91,0.39,0.04687,0.09999
17,0.89484,381.83242,92,0.39,0.05082,0.09998
17,0.89484,381.83242,93,0.39,0.05477,0.09999
17,0.89484,381.83242,94,0.39,0.0587,0.09998
17,0.89484,381.83242,95,0.39,0.06263,0.09998
17,0.89484,381.83242,96,0.39,0.06654,0.09998
17,0.89484,381.83242,97,0.39,0.07045,0.09998
17,0.89484,381.83242,98,0.39,0.07434,0.09998
17,0.89484,381.83242,99,0.39,0.07823,0.09998
17,0.89484,381.83242,100,0.39,0.0821,0.09998
17,0.89484,381.83242,101,0.39,0.08596,0.09999
17,0.89484,381.83242,102,0.39,0.08982,0.09999
17,0.89484,381.83242,103,0.39,0.09366,0.09999
17,0.89484,381.83242,104,0.39,0.09749,0.09999
17,0.89484,381.83242,105,0.39,0.10132,0.09999
17,0.89484,381.83242,106,0.39,0.10513,0.09999
17,0.89484,381.83242,107,0.39,0.10893,0.09999
17,0.89484,381.83242,108,0.39,0.11273,0.09999
17,0.89484,381.83242,109,0.39,0.11651,0.09999
17,0.89484,381.83242,110,0.39,0.12029,0.09999
17,0.89484,381.83242,111,0.39,0.12405,0.09998
17,0.89484,381.83242,112,0.39,0.1278,0.09998
17,0.89484,381.83242,113,0.39,0.13155,0.09998
17,0.89484,381.83242,114,0.39,0.13528,0.09998
17,0.89484,381.83242,115,0.39,0.13901,0.09998
17,0.89484,381.83242,116,0.39,0.14273,0.09998
17,0.89484,381.83242,117,0.39,0.14643,0.09998
17,0.89484,381.83242,118,0.39,0.15013,0.09998
17,0.89484,381.83242,119,0.39,0.15382,0.09999
17,0.89484,381.83242,120,0.39,0.1575,0.09999
17,0.89484,381.83242,121,0.39,0.16116,0.09999
17,0.89484,381.83242,122,0.39,0.16482,0.09999
17,0.89484,381.83242,123,0.39,0.16848,0.09999
17,0.89484,381.83242,124,0.39,0.17212,0.09999
17,0.89484,381.83242,125,0.39,0.17575,0.09999
17,0.89484,381.83242,126,0.39,0.17937,0.09998
18,0.90936,358.18788,1,0.10547,-0.15267,0.20886
18,0.90936,358.18788,2,0.1776,-0.22646,0.09837
18,0.90936,358.18788,3,0.22878,-0.27883,0.14679
18,0.90936,358.18788,4,0.27972,-0.33094,0.18121
18,0.90936,358.18788,5,0.33042,-0.38281,0.20171
18,0.90936,358.18788,6,0.36973,-0.3792,0.21645
18,0.90936,358.18788,7,0.38979,-0.36688,0.22243
18,0.90936,358.18788,8,0.39001,-0.35264,0.21916
18,0.90936,358.18788,9,0.39001,-0.33841,0.20216
18,0.90936,358.18788,10,0.39001,-0.32422,0.17143
18,0.90936,358.18788,11,0.39001,-0.31007,0.12702
18,0.90936,358.18788,12,0.39001,-0.30088,0.10123
18,0.90936,358.18788,13,0.39001,-0.29563,0.09998
18,0.90936,358.18788,14,0.39,-0.2904,0.09998
18,0.90936,358.18788,15,0.39,-0.28519,0.09998
18,0.90936,358.18788,16,0.39,-0.28,0.09999
18,0.90936,358.18788,17,0.39,-0.27482,0.09999
18,0.90936,358.18788,18,0.39,-0.26966,0.09998
18,0.90936,358.18788,19,0.39,-0.26451,0.09999
18,0.90936,358.18788,20,0.39,-0.25939,0.09998
18,0.90936,358.18788,21,0.39,-0.25427,0.09998
18,0.90936,358.18788,22,0.39,-0.24918,0.09999
18,0.90936,358.18788,23,0.39,-0.2441,0.09998
18,0.90936,358.18788,24,0.39,-0.23904,0.09998
18,0.90936,358.18788,25,0.39,-0.234,0.09998
18,0.90936,358.18788,26,0.39,-0.22897,0.09998
18,0.90936,358.18788,27,0.39,-0.22395,0.09998
18,0.90936,358.18788,28,0.39,-0.21896,0.09998
18,0.90936,358.18788,29,0.39,-0.21398,0.09998
18,0.90936,358.18788,30,0.39,-0.20901,0.09998
18,0.90936,358.18788,31,0.39,-0.20406,0.09998
18,0.90936,358.18788,32,0.39,-0.19912,0.09998
18,0.90936,358.18788,33,0.39,-0.19421,0.09999
18,0.90936,358.18788,34,0.39,-0.1893,0.09998
18,0.90936,358.18788,35,0.39,-0.18441,0.09998
18,0.90936,358.18788,36,0.39,-0.17954,0.09998
18,0.90936,358.18788,37,0.39,-0.17468,0.09998
18,0.90936,358.18788,38,0.39,-0.16984,0.09998
18,0.90936,358.18788,39,0.39,-0.16501,0.09999
18,0.90936,358.18788,40,0.39,-0.16019,0.09998
18,0.90936,358.18788,41,0.39,-0.15539,0.09998
18,0.90936,358.18788,42,0.39,-0.15061,0.09998
18,0.90936,358.18788,43,0.39,-0.14584,0.09998
18,0.90936,358.18788,44,0.39,-0.14108,0.09999
18,0.90936,358.18788,45,0.39,-0.13634,0.09998
18,0.90936,358.18788,46,0.39,-0.13161,0.09998
18,0.90936,358.18788,47,0.39,-0.1269,0.09998
18,0.90936,358.18788,48,0.39,-0.1222,0.09998
18,0.90936,358.18788,49,0.39,-0.11752,0.09998
18,0.90936,358.18788,50,0.39,-0.11284,0.09998
18,0.90936,358.18788,51,0.39,-0.10819,0.09998
18,0.90936,358.18788,52,0.39,-0.10354,0.09998
18,0.90936,358.18788,53,0.39,-0.09891,0.09998
18,0.90936,358.18788,54,0.39,-0.0943,0.09998
18,0.90936,358.18788,55,0.39,-0.08969,0.09998
18,0.90936,358.18788,56,0.39,-0.0851,0.09998
18,0.90936,358.18788,57,0.39,-0.08053,0.09998
18,0.90936,358.18788,58,0.39,-0.07597,0.09999
18,0.90936,358.18788,59,0.39,-0.07142,0.09999
18,0.90936,358.18788,60,0.39,-0.06688,0.09999
18,0.90936,358.18788,61,0.39,-0.06236,0.09998
18,0.90936,358.18788,62,0.39,-0.05785,0.09998
18,0.90936,358.18788,63,0.39,-0.05335,0.09998
18,0.90936,358.18788,64,0.39,-0.04886,0.09998
18,0.90936,358.18788,65,0.39,-0.04439,0.09998
18,0.90936,358.18788,66,0.39,-0.03993,0.09998
18,0.90936,358.18788,67,0.39,-0.03549,0.09998
18,0.90936,358.18788,68,0.39,-0.03105,0.09999
18,0.90936,358.18788,69,0.39,-0.02663,0.09998
18,0.90936,358.18788,70,0.39,-0.02223,0.09998
18,0.90936,358.18788,71,0.39,-0.01783,0.09999
18,0.90936,358.18788,72,0.39,-0.01345,0.09998
18,0.90936,358.18788,73,0.39,-0.00907,0.09998
18,0.90936,358.18788,74,0.39,-0.00472,0.09998
18,0.90936,358.18788,75,0.39,-0.00037,0.09998
18,0.90936,358.18788,76,0.39,0.00396,0.09998
18,0.90936,358.18788,77,0.39,0.00828,0.09999
18,0.90936,358.18788,78,0.39,0.01259,0.09998
18,0.90936,358.18788,79,0.39,0.01689,0.09998
18,0.90936,358.18788,80,0.39,0.02118,0.09998
18,0.90936,358.18788,81,0.39,0.02545,0.09998
18,0.90936,358.18788,82,0.39,0.02971,0.09998
18,0.90936,358.18788,83,0.39,0.03397,0.09998
18,0.90936,358.18788,84,0.39,0.03821,0.09998
18,0.90936,358.18788,85,0.39,0.04244,0.09998
18,0.90936,358.18788,86,0.39,0.04665,0.09999
18,0.90936,358.18788,87,0.39,0.05086,0.09999
18,0.90936,358.18788,88,0.39,0.05505,0.09998
18,0.90936,358.18788,89,0.39,0.05923,0.09998
18,0.90936,358.18788,90,0.39,0.06341,0.09998
18,0.90936,358.18788,91,0.39,0.06757,0.09998
18,0.90936,358.18788,92,0.39,0.07171,0.09998
18,0.90936,358.18788,93,0.39,0.07585,0.09998
18,0.90936,358.18788,94,0.39,0.07998,0.09998
18,0.90936,358.18788,95,0.39,0.08409,0.09999
18,0.90936,358.18788,96,0.39,0.0882,0.09999
18,0.90936,358.18788,97,0.39,0.09229,0.09998
18,0.90936,358.18788,98,0.39,0.09638,0.09998
18,0.90936,358.18788,99,0.39,0.10045,0.09998
18,0.90936,358.18788,100,0.39,0.10451,0.09998
18,0.90936,358.18788,101,0.39,0.10856,0.09998
18,0.90936,358.18788,102,0.39,0.1126,0.09998
18,0.90936,358.18788,103,0.39,0.11663,0.09998
18,0.90936,358.18788,104,0.39,0.12065,0.09998
18,0.90936,358.18788,105,0.39,0.12465,0.09998
18,0.90936,358.18788,106,0.39,0.12865,0.09999
18,0.90936,358.18788,107,0.39,0.13264,0.09998
18,0.90936,358.18788,108,0.39,0.13662,0.09998
18,0.90936,358.18788,109,0.39,0.14058,0.09998
18,0.90936,358.18788,110,0.39,0.14454,0.09998
18,0.90936,358.18788,111,0.39,0.14848,0.09998
18,0.90936,358.18788,112,0.39,0.15242,0.09998
18,0.90936,358.18788,113,0.39,0.15634,0.09998
18,0.90936,358.18788,114,0.39,0.16026,0.09998
18,0.90936,358.18788,115,0.39,0.16416,0.09998
18,0.90936,358.18788,116,0.39,0.16806,0.09998
18,0.90936,358.18788,117,0.39,0.17194,0.09998
18,0.90936,358.18788,118,0.39,0.17582,0.09998
18,0.90936,358.18788,119,0.39,0.17968,0.09998
18,0.90936,358.18788,120,0.39,0.18354,0.09998
18,0.90936,358.18788,121,0.39,0.18738,0.09998
18,0.90936,358.18788,122,0.39,0.19122,0.09998
18,0.90936,358.18788,123,0.39,0.19505,0.09999
18,0.90936,358.18788,124,0.39,0.19886,0.09998
18,0.90936,358.18788,125,0.39,0.20267,0.09998
18,0.90936,358.18788,126,0.39,0.20646,0.09999
19,0.90957,372.38934,1,0.10547,-0.15267,0.20886
19,0.90957,372.38934,2,0.1776,-0.22646,0.09837
19,0.90957,372.38934,3,0.22878,-0.27883,0.14681
19,0.90957,372.38934,4,0.27972,-0.33094,0.18124
19,0.90957,372.38934,5,0.33042,-0.38281,0.20175
19,0.90957,372.38934,6,0.36973,-0.3792,0.2165
19,0.90957,372.38934,7,0.38979,-0.36687,0.22249
19,0.90957,372.38934,8,0.39001,-0.35262,0.21923
19,0.90957,372.38934,9,0.39001,-0.33839,0.20224
19,0.90957,372.38934,10,0.39001,-0.32419,0.17152
19,0.90957,372.38934,11,0.39001,-0.31004,0.12712
19,0.90957,372.38934,12,0.39001,-0.30087,0.10082
19,0.90957,372.38934,13,0.39001,-0.29567,0.09999
19,0.90957,372.38934,14,0.39,-0.29048,0.09998
19,0.90957,372.38934,15,0.39,-0.28532,0.09998
19,0.90957,372.38934,16,0.39,-0.28017,0.09999
19,0.90957,372.38934,17,0.39,-0.27503,0.09999
19,0.90957,372.38934,18,0.39,-0.26992,0.09998
19,0.90957,372.38934,19,0.39,-0.26482,0.09998
19,0.90957,372.38934,20,0.39,-0.25973,0.09998
19,0.90957,372.38934,21,0.39,-0.25467,0.09998
19,0.90957,372.38934,22,0.39,-0.24962,0.09998
19,0.90957,372.38934,23,0.39,-0.24458,0.09998
19,0.90957,372.38934,24,0.39,-0.23956,0.09998
19,0.90957,372.38934,25,0.39,-0.23456,0.09998
19,0.90957,372.38934,26,0.39,-0.22958,0.09998
19,0.90957,372.38934,27,0.39,-0.22461,0.09998
19,0.90957,372.38934,28,0.39,-0.21965,0.09998
19,0.90957,372.38934,29,0.39,-0.21471,0.09998
19,0.90957,372.38934,30,0.39,-0.20979,0.09998
19,0.90957,372.38934,31,0.39,-0.20489,0.09998
19,0.90957,372.38934,32,0.39,-0.19999,0.09998
19,0.90957,372.38934,33,0.39,-0.19512,0.09999
19,0.90957,372.38934,34,0.39,-0.19026,0.09999
19,0.90957,372.38934,35,0.39,-0.18541,0.09998
19,0.90957,372.38934,36,0.39,-0.18058,0.09999
19,0.90957,372.38934,37,0.39,-0.17576,0.09998
19,0.90957,372.38934,38,0.39,-0.17096,0.09998
19,0.90957,372.38934,39,0.39,-0.16618,0.09998
19,0.90957,372.38934,40,0.39,-0.1614,0.09999
19,0.90957,372.38934,41,0.39,-0.15665,0.09998
19,0.90957,372.38934,42,0.39,-0.1519,0.09999
19,0.90957,372.38934,43,0.39,-0.14718,0.09998
19,0.90957,372.38934,44,0.39,-0.14246,0.09998
19,0.90957,372.38934,45,0.39,-0.13776,0.09998
19,0.90957,372.38934,46,0.39,-0.13308,0.09998
19,0.90957,372.38934,47,0.39,-0.12841,0.09998
19,0.90957,372.38934,48,0.39,-0.12375,0.09998
19,0.90957,372.38934,49,0.39,-0.11911,0.09998
19,0.90957,372.38934,50,0.39,-0.11448,0.09998
19,0.90957,372.38934,51,0.39,-0.10986,0.09998
19,0.90957,372.38934,52,0.39,-0.10526,0.09998
19,0.90957,372.38934,53,0.39,-0.10067,0.09998
19,0.90957,372.38934,54,0.39,-0.09609,0.09999
19,0.90957,372.38934,55,0.39,-0.09153,0.09999
19,0.90957,372.38934,56,0.39,-0.08698,0.09998
19,0.90957,372.38934,57,0.39,-0.08245,0.09998
19,0.90957,372.38934,58,0.39,-0.07793,0.09998
19,0.90957,372.38934,59,0.39,-0.07342,0.09999
19,0.90957,372.38934,60,0.39,-0.06892,0.09999
19,0.90957,372.38934,61,0.39,-0.06444,0.09999
19,0.90957,372.38934,62,0.39,-0.05997,0.09998
19,0.90957,372.38934,63,0.39,-0.05551,0.09999
19,0.90957,372.38934,64,0.39,-0.05107,0.09999
19,0.90957,372.38934,65,0.39,-0.04664,0.09998
19,0.90957,372.38934,66,0.39,-0.04222,0.09998
19,0.90957,372.38934,67,0.39,-0.03781,0.09998
19,0.90957,372.38934,68,0.39,-0.03342,0.09999
19,0.90957,372.38934,69,0.39,-0.02904,0.09998
19,0.90957,372.38934,70,0.39,-0.02467,0.09998
19,0.90957,372.38934,71,0.39,-0.02032,0.09999
19,0.90957,372.38934,72,0.39,-0.01597,0.09998
19,0.90957,372.38934,73,0.39,-0.01164,0.09998
19,0.90957,372.38934,74,0.39,-0.00732,0.09998
19,0.90957,372.38934,75,0.39,-0.00301,0.09998
19,0.90957,372.38934,76,0.39,0.00127,0.09998
19,0.90957,372.38934,77,0.39,0.00556,0.09998
19,0.90957,372.38934,78,0.39,0.00983,0.09998
19,0.90957,372.38934,79,0.39,0.01409,0.09998
19,0.90957,372.38934,80,0.39,0.01833,0.09998
19,0.90957,372.38934,81,0.39,0.02257,0.09998
19,0.90957,372.38934,82,0.39,0.02679,0.09998
19,0.90957,372.38934,83,0.39,0.03101,0.09998
19,0.90957,372.38934,84,0.39,0.03521,0.09998
19,0.90957,372.38934,85,0.39,0.0394,0.09999
19,0.90957,372.38934,86,0.39,0.04358,0.09999
19,0.90957,372.38934,87,0.39,0.04774,0.09998
19,0.90957,372.38934,88,0.39,0.0519,0.09998
19,0.90957,372.38934,89,0.39,0.05604,0.09998
19,0.90957,372.38934,90,0.39,0.06018,0.09999
19,0.90957,372.38934,91,0.39,0.0643,0.09999
19,0.90957,372.38934,92,0.39,0.06841,0.09999
19,0.90957,372.38934,93,0.39,0.07251,0.09998
19,0.90957,372.38934,94,0.39,0.0766,0.09998
19,0.90957,372.38934,95,0.39,0.08068,0.09998
19,0.90957,372.38934,96,0.39,0.08474,0.09998
19,0.90957,372.38934,97,0.39,0.0888,0.09999
19,0.90957,372.38934,98,0.39,0.09284,0.09998
19,0.90957,372.38934,99,0.39,0.09688,0.09999
19,0.90957,372.38934,100,0.39,0.1009,0.09998
19,0.90957,372.38934,101,0.39,0.10491,0.09999
19,0.90957,372.38934,102,0.39,0.10892,0.09999
19,0.90957,372.38934,103,0.39,0.11291,0.09999
19,0.90957,372.38934,104,0.39,0.11689,0.09999
19,0.90957,372.38934,105,0.39,0.12086,0.09999
19,0.90957,372.38934,106,0.39,0.12482,0.09998
19,0.90957,372.38934,107,0.39,0.12877,0.09998
19,0.90957,372.38934,108,0.39,0.13271,0.09998
19,0.90957,372.38934,109,0.39,0.13664,0.09998
19,0.90957,372.38934,110,0.39,0.14056,0.09998
19,0.90957,372.38934,111,0.39,0.14447,0.09998
19,0.90957,372.38934,112,0.39,0.14837,0.09998
19,0.90957,372.38934,113,0.39,0.15226,0.09998
19,0.90957,372.38934,114,0.39,0.15613,0.09998
19,0.90957,372.38934,115,0.39,0.16,0.09998
19,0.90957,372.38934,116,0.39,0.16386,0.09998
19,0.90957,372.38934,117,0.39,0.16771,0.09998
19,0.90957,372.38934,118,0.39,0.17155,0.09998
19,0.90957,372.38934,119,0.39,0.17538,0.09998
19,0.90957,372.38934,120,0.39,0.1792,0.09998
19,0.90957,372.38934,121,0.39,0.18301,0.09998
19,0.90957,372.38934,122,0.39,0.18681,0.09998
19,0.90957,372.38934,123,0.39,0.1906,0.09998
19,0.90957,372.38934,124,0.39,0.19438,0.09998
19,0.90957,372.38934,125,0.39,0.19815,0.09998
19,0.90957,372.38934,126,0.39,0.20191,0.09998
20,0.88428,361.7491,1,0.10547,-0.15267,0.20886
20,0.88428,361.7491,2,0.1776,-0.22646,0.09837
20,0.88428,361.7491,3,0.22878,-0.27883,0.14532
20,0.88428,361.7491,4,0.27972,-0.33094,0.17828
20,0.88428,361.7491,5,0.33043,-0.38282,0.19732
20,0.88428,361.7491,6,0.36999,-0.37973,0.21074
20,0.88428,361.7491,7,0.38974,-0.36798,0.21558
20,0.88428,361.7491,8,0.39001,-0.35438,0.2111
20,0.88428,361.7491,9,0.39001,-0.34079,0.19292
20,0.88428,361.7491,10,0.39001,-0.32724,0.161
20,0.88428,361.7491,11,0.39001,-0.31373,0.11541
20,0.88428,361.7491,12,0.39001,-0.30714,0.09998
20,0.88428,361.7491,13,0.39001,-0.30272,0.09998
20,0.88428,361.7491,14,0.39,-0.29831,0.09998
20,0.88428,361.7491,15,0.39,-0.29392,0.09998
20,0.88428,361.7491,16,0.39,-0.28955,0.09998
20,0.88428,361.7491,17,0.39,-0.28519,0.09998
20,0.88428,361.7491,18,0.39,-0.28084,0.09998
20,0.88428,361.7491,19,0.39,-0.27651,0.09998
20,0.88428,361.7491,20,0.39,-0.27219,0.09998
20,0.88428,361.7491,21,0.39,-0.26788,0.09998
20,0.88428,361.7491,22,0.39,-0.26359,0.09998
20,0.88428,361.7491,23,0.39,-0.25932,0.09999
20,0.88428,361.7491,24,0.39,-0.25506,0.09998
20,0.88428,361.7491,25,0.39,-0.25081,0.09998
20,0.88428,361.7491,26,0.39,-0.24657,0.09998
20,0.88428,361.7491,27,0.39,-0.24235,0.09998
20,0.88428,361.7491,28,0.39,-0.23815,0.09998
20,0.88428,361.7491,29,0.39,-0.23395,0.09998
20,0.88428,361.7491,30,0.39,-0.22977,0.09999
20,0.88428,361.7491,31,0.39,-0.22561,0.09998
20,0.88428,361.7491,32,0.39,-0.22145,0.09998
20,0.88428,361.7491,33,0.39,-0.21731,0.09998
20,0.88428,361.7491,34,0.39,-0.21319,0.09998
20,0.88428,361.7491,35,0.39,-0.20907,0.09998
20,0.88428,361.7491,36,0.39,-0.20497,0.09999
20,0.88428,361.7491,37,0.39,-0.20088,0.09998
20,0.88428,361.7491,38,0.39,-0.19681,0.09998
20,0.88428,361.7491,39,0.39,-0.19274,0.09998
20,0.88428,361.7491,40,0.39,-0.18869,0.09998
20,0.88428,361.7491,41,0.39,-0.18465,0.09999
20,0.88428,361.7491,42,0.39,-0.18063,0.09999
20,0.88428,361.7491,43,0.39,-0.17661,0.09998
20,0.88428,361.7491,44,0.39,-0.17261,0.09998
20,0.88428,361.7491,45,0.39,-0.16862,0.09998
20,0.88428,361.7491,46,0.39,-0.16465,0.09998
20,0.88428,361.7491,47,0.39,-0.16068,0.09998
20,0.88428,361.7491,48,0.39,-0.15673,0.09998
20,0.88428,361.7491,49,0.39,-0.15279,0.09998
20,0.88428,361.7491,50,0.39,-0.14886,0.09998
20,0.88428,361.7491,51,0.39,-0.14494,0.09998
20,0.88428,361.7491,52,0.39,-0.14103,0.09999
20,0.88428,361.7491,53,0.39,-0.13714,0.09999
20,0.88428,361.7491,54,0.39,-0.13326,0.09999
20,0.88428,361.7491,55,0.39,-0.12939,0.09998
20,0.88428,361.7491,56,0.39,-0.12553,0.09998
20,0.88428,361.7491,57,0.39,-0.12168,0.09999
20,0.88428,361.7491,58,0.39,-0.11784,0.09999
20,0.88428,361.7491,59,0.39,-0.11401,0.09999
20,0.88428,361.7491,60,0.39,-0.1102,0.09999
20,0.88428,361.7491,61,0.39,-0.1064,0.09998
20,0.88428,361.7491,62,0.39,-0.1026,0.09999
20,0.88428,361.7491,63,0.39,-0.09882,0.09998
20,0.88428,361.7491,64,0.39,-0.09505,0.09998
20,0.88428,361.7491,65,0.39,-0.09129,0.09998
20,0.88428,361.7491,66,0.39,-0.08754,0.09999
20,0.88428,361.7491,67,0.39,-0.0838,0.09998
20,0.88428,361.7491,68,0.39,-0.08008,0.09999
20,0.88428,361.7491,69,0.39,-0.07636,0.09998
20,0.88428,361.7491,70,0.39,-0.07265,0.09998
20,0.88428,361.7491,71,0.39,-0.06896,0.09998
20,0.88428,361.7491,72,0.39,-0.06527,0.09998
20,0.88428,361.7491,73,0.39,-0.06159,0.09998
20,0.88428,361.7491,74,0.39,-0.05793,0.09998
20,0.88428,361.7491,75,0.39,-0.05428,0.09998
20,0.88428,361.7491,76,0.39,-0.05063,0.09998
20,0.88428,361.7491,77,0.39,-0.047,0.09998
20,0.88428,361.7491,78,0.39,-0.04337,0.09998
20,0.88428,361.7491,79,0.39,-0.03976,0.09999
20,0.88428,361.7491,80,0.39,-0.03616,0.09998
20,0.88428,361.7491,81,0.39,-0.03256,0.09998
20,0.88428,361.7491,82,0.39,-0.02898,0.09999
20,0.88428,361.7491,83,0.39,-0.0254,0.09998
20,0.88428,361.7491,84,0.39,-0.02184,0.09999
20,0.88428,361.7491,85,0.39,-0.01828,0.09998
20,0.88428,361.7491,86,0.39,-0.01474,0.09998
20,0.88428,361.7491,87,0.39,-0.0112,0.09998
20,0.88428,361.7491,88,0.39,-0.00768,0.09998
20,0.88428,361.7491,89,0.39,-0.00416,0.09998
20,0.88428,361.7491,90,0.39,-0.00066,0.09998
20,0.88428,361.7491,91,0.39,0.00283,0.09998
20,0.88428,361.7491,92,0.39,0.00632,0.09998
20,0.88428,361.7491,93,0.39,0.0098,0.09999
20,0.88428,361.7491,94,0.39,0.01326,0.09999
20,0.88428,361.7491,95,0.39,0.01672,0.09998
20,0.88428,361.7491,96,0.39,0.02017,0.09998
20,0.88428,361.7491,97,0.39,0.02361,0.09998
20,0.88428,361.7491,98,0.39,0.02705,0.09998
20,0.88428,361.7491,99,0.39,0.03047,0.09998
20,0.88428,361.7491,100,0.39,0.03388,0.09999
20,0.88428,361.7491,101,0.39,0.03729,0.09998
20,0.88428,361.7491,102,0.39,0.04068,0.09998
20,0.88428,361.7491,103,0.39,0.04407,0.09998
20,0.88428,361.7491,104,0.39,0.04745,0.09998
20,0.88428,361.7491,105,0.39,0.05081,0.09999
20,0.88428,361.7491,106,0.39,0.05417,0.09999
20,0.88428,361.7491,107,0.39,0.05752,0.09998
20,0.88428,361.7491,108,0.39,0.06087,0.09999
20,0.88428,361.7491,109,0.39,0.0642,0.09998
20,0.88428,361.7491,110,0.39,0.06753,0.09998
20,0.88428,361.7491,111,0.39,0.07084,0.09998
20,0.88428,361.7491,112,0.39,0.07415,0.09999
20,0.88428,361.7491,113,0.39,0.07745,0.09999
20,0.88428,361.7491,114,0.39,0.08074,0.09999
20,0.88428,361.7491,115,0.39,0.08402,0.09999
20,0.88428,361.7491,116,0.39,0.08729,0.09999
20,0.88428,361.7491,117,0.39,0.09056,0.09999
20,0.88428,361.7491,118,0.39,0.09382,0.09999
20,0.88428,361.7491,119,0.39,0.09706,0.09998
20,0.88428,361.7491,120,0.39,0.1003,0.09998
20,0.88428,361.7491,121,0.39,0.10354,0.09998
20,0.88428,361.7491,122,0.39,0.10676,0.09999
20,0.88428,361.7491,123,0.39,0.10997,0.09999
20,0.88428,361.7491,124,0.39,0.11318,0.09999
20,0.88428,361.7491,125,0.39,0.11638,0.09998
20,0.88428,361.7491,126,0.39,0.11957,0.09999
