particle,elasticity,weight,frame,x,y,z
1,0.97583,6.30643,1,0.32656,0.24468,0.44257
1,0.97583,6.30643,2,0.28631,0.33668,0.74579
1,0.97583,6.30643,3,0.25539,0.40735,0.93409
1,0.97583,6.30643,4,0.25539,0.40735,0.76839
1,0.97583,6.30643,5,0.25539,0.40736,0.59034
1,0.97583,6.30643,6,0.25539,0.40736,0.40011
1,0.97583,6.30643,7,0.25539,0.40737,0.1979
1,0.97583,6.30643,8,0.25606,0.40595,0.03313
1,0.97583,6.30643,9,0.26543,0.36923,0.15157
1,0.97583,6.30643,10,0.27474,0.33275,0.25551
1,0.97583,6.30643,11,0.284,0.29647,0.3451
1,0.97583,6.30643,12,0.29322,0.26037,0.42047
1,0.97583,6.30643,13,0.30239,0.22445,0.48172
1,0.97583,6.30643,14,0.31152,0.18867,0.52894
1,0.97583,6.30643,15,0.32062,0.15303,0.56222
1,0.97583,6.30643,16,0.32969,0.1175,0.58161
1,0.97583,6.30643,17,0.33873,0.08208,0.58716
1,0.97583,6.30643,18,0.34774,0.04677,0.57892
1,0.97583,6.30643,19,0.35673,0.01157,0.55693
1,0.97583,6.30643,20,0.36569,-0.0235,0.52123
1,0.97583,6.30643,21,0.37461,-0.05846,0.4719
1,0.97583,6.30643,22,0.3835,-0.09327,0.409
1,0.97583,6.30643,23,0.39234,-0.12792,0.33263
1,0.97583,6.30643,24,0.40114,-0.1624,0.24288
1,0.97583,6.30643,25,0.40989,-0.19668,0.13987
1,0.97583,6.30643,26,0.40933,-0.21336,0.10256
1,0.97583,6.30643,27,0.39721,-0.20825,0.15004
1,0.97583,6.30643,28,0.38512,-0.20316,0.1836
1,0.97583,6.30643,29,0.37307,-0.19808,0.20328
1,0.97583,6.30643,30,0.36105,-0.19302,0.20914
1,0.97583,6.30643,31,0.34905,-0.18796,0.2012
1,0.97583,6.30643,32,0.33708,-0.18292,0.1795
1,0.97583,6.30643,33,0.32514,-0.17789,0.14408
1,0.97583,6.30643,34,0.31324,-0.17288,0.095
1,0.97583,6.30643,35,0.31234,-0.1697,0.10417
1,0.97583,6.30643,36,0.31458,-0.16705,0.12003
1,0.97583,6.30643,37,0.31681,-0.16441,0.12209
1,0.97583,6.30643,38,0.31904,-0.16177,0.11035
1,0.97583,6.30643,39,0.32126,-0.15914,0.08486
1,0.97583,6.30643,40,0.33298,-0.15387,0.08509
1,0.97583,6.30643,41,0.34585,-0.14828,0.07647
1,0.97583,6.30643,42,0.35693,-0.14083,0.06435
1,0.97583,6.30643,43,0.365,-0.13287,0.05305
1,0.97583,6.30643,44,0.36906,-0.12702,0.05081
1,0.97583,6.30643,45,0.37212,-0.12372,0.04942
1,0.97583,6.30643,46,0.37373,-0.1232,0.04979
1,0.97583,6.30643,47,0.37365,-0.12318,0.0499
1,0.97583,6.30643,48,0.3736,-0.12317,0.04994
1,0.97583,6.30643,49,0.3736,-0.12315,0.04997
1,0.97583,6.30643,50,0.3736,-0.12314,0.04998
1,0.97583,6.30643,51,0.3736,-0.12314,0.04998
1,0.97583,6.30643,52,0.3736,-0.12313,0.04998
1,0.97583,6.30643,53,0.3736,-0.12313,0.04998
1,0.97583,6.30643,54,0.3736,-0.12313,0.04998
1,0.97583,6.30643,55,0.3736,-0.12313,0.04998
1,0.97583,6.30643,56,0.3736,-0.12313,0.04998
1,0.97583,6.30643,57,0.3736,-0.12313,0.04998
1,0.97583,6.30643,58,0.3736,-0.12313,0.04998
1,0.97583,6.30643,59,0.37359,-0.12313,0.04998
1,0.97583,6.30643,60,0.37359,-0.12313,0.04998
1,0.97583,6.30643,61,0.37359,-0.12313,0.04998
1,0.97583,6.30643,62,0.37359,-0.12313,0.04998
1,0.97583,6.30643,63,0.37359,-0.12313,0.04998
1,0.97583,6.30643,64,0.37359,-0.12312,0.04998
1,0.97583,6.30643,65,0.37359,-0.12312,0.04998
1,0.97583,6.30643,66,0.37359,-0.12312,0.04998
1,0.97583,6.30643,67,0.37359,-0.12312,0.04998
2,0.97583,6.30643,1,0.32656,0.24468,0.44257
2,0.97583,6.30643,2,0.28631,0.33668,0.74579
2,0.97583,6.30643,3,0.25539,0.40735,0.93409
2,0.97583,6.30643,4,0.25539,0.40735,0.76839
2,0.97583,6.30643,5,0.25539,0.40736,0.59034
2,0.97583,6.30643,6,0.25539,0.40736,0.40011
2,0.97583,6.30643,7,0.25539,0.40737,0.1979
2,0.97583,6.30643,8,0.25606,0.40595,0.03313
2,0.97583,6.30643,9,0.26543,0.36923,0.15157
2,0.97583,6.30643,10,0.27474,0.33275,0.25551
2,0.97583,6.30643,11,0.284,0.29647,0.3451
2,0.97583,6.30643,12,0.29322,0.26037,0.42047
2,0.97583,6.30643,13,0.30239,0.22445,0.48172
2,0.97583,6.30643,14,0.31152,0.18867,0.52894
2,0.97583,6.30643,15,0.32062,0.15303,0.56222
2,0.97583,6.30643,16,0.32969,0.1175,0.58161
2,0.97583,6.30643,17,0.33873,0.08208,0.58716
2,0.97583,6.30643,18,0.34774,0.04677,0.57892
2,0.97583,6.30643,19,0.35673,0.01157,0.55693
2,0.97583,6.30643,20,0.36569,-0.0235,0.52123
2,0.97583,6.30643,21,0.37461,-0.05846,0.4719
2,0.97583,6.30643,22,0.3835,-0.09327,0.409
2,0.97583,6.30643,23,0.39234,-0.12792,0.33263
2,0.97583,6.30643,24,0.40114,-0.1624,0.24288
2,0.97583,6.30643,25,0.40989,-0.19668,0.13987
2,0.97583,6.30643,26,0.40933,-0.21336,0.10256
2,0.97583,6.30643,27,0.39721,-0.20825,0.15004
2,0.97583,6.30643,28,0.38512,-0.20316,0.1836
2,0.97583,6.30643,29,0.37307,-0.19808,0.20328
2,0.97583,6.30643,30,0.36105,-0.19302,0.20914
2,0.97583,6.30643,31,0.34905,-0.18796,0.2012
2,0.97583,6.30643,32,0.33708,-0.18292,0.1795
2,0.97583,6.30643,33,0.32514,-0.17789,0.14408
2,0.97583,6.30643,34,0.31324,-0.17288,0.095
2,0.97583,6.30643,35,0.31234,-0.1697,0.10417
2,0.97583,6.30643,36,0.31458,-0.16705,0.12003
2,0.97583,6.30643,37,0.31681,-0.16441,0.12209
2,0.97583,6.30643,38,0.31904,-0.16177,0.11035
2,0.97583,6.30643,39,0.32126,-0.15914,0.08486
2,0.97583,6.30643,40,0.33298,-0.15387,0.08509
2,0.97583,6.30643,41,0.34585,-0.14828,0.07647
2,0.97583,6.30643,42,0.35693,-0.14083,0.06435
2,0.97583,6.30643,43,0.365,-0.13287,0.05305
2,0.97583,6.30643,44,0.36906,-0.12702,0.05081
2,0.97583,6.30643,45,0.37212,-0.12372,0.04942
2,0.97583,6.30643,46,0.37373,-0.1232,0.04979
2,0.97583,6.30643,47,0.37365,-0.12318,0.0499
2,0.97583,6.30643,48,0.3736,-0.12317,0.04994
2,0.97583,6.30643,49,0.3736,-0.12315,0.04997
2,0.97583,6.30643,50,0.3736,-0.12314,0.04998
2,0.97583,6.30643,51,0.3736,-0.12314,0.04998
2,0.97583,6.30643,52,0.3736,-0.12313,0.04998
2,0.97583,6.30643,53,0.3736,-0.12313,0.04998
2,0.97583,6.30643,54,0.3736,-0.12313,0.04998
2,0.97583,6.30643,55,0.3736,-0.12313,0.04998
2,0.97583,6.30643,56,0.3736,-0.12313,0.04998
2,0.97583,6.30643,57,0.3736,-0.12313,0.04998
2,0.97583,6.30643,58,0.3736,-0.12313,0.04998
2,0.97583,6.30643,59,0.37359,-0.12313,0.04998
2,0.97583,6.30643,60,0.37359,-0.12313,0.04998
2,0.97583,6.30643,61,0.37359,-0.12313,0.04998
2,0.97583,6.30643,62,0.37359,-0.12313,0.04998
2,0.97583,6.30643,63,0.37359,-0.12313,0.04998
2,0.97583,6.30643,64,0.37359,-0.12312,0.04998
2,0.97583,6.30643,65,0.37359,-0.12312,0.04998
2,0.97583,6.30643,66,0.37359,-0.12312,0.04998
2,0.97583,6.30643,67,0.37359,-0.12312,0.04998
3,0.97583,6.30643,1,0.32656,0.24468,0.44257
3,0.97583,6.30643,2,0.28631,0.33668,0.74579
3,0.97583,6.30643,3,0.25539,0.40735,0.93409
3,0.97583,6.30643,4,0.25539,0.40735,0.76839
3,0.97583,6.30643,5,0.25539,0.40736,0.59034
3,0.97583,6.30643,6,0.25539,0.40736,0.40011
3,0.97583,6.30643,7,0.25539,0.40737,0.1979
3,0.97583,6.30643,8,0.25606,0.40595,0.03313
3,0.97583,6.30643,9,0.26543,0.36923,0.15157
3,0.97583,6.30643,10,0.27474,0.33275,0.25551
3,0.97583,6.30643,11,0.284,0.29647,0.3451
3,0.97583,6.30643,12,0.29322,0.26037,0.42047
3,0.97583,6.30643,13,0.30239,0.22445,0.48172
3,0.97583,6.30643,14,0.31152,0.18867,0.52894
3,0.97583,6.30643,15,0.32062,0.15303,0.56222
3,0.97583,6.30643,16,0.32969,0.1175,0.58161
3,0.97583,6.30643,17,0.33873,0.08208,0.58716
3,0.97583,6.30643,18,0.34774,0.04677,0.57892
3,0.97583,6.30643,19,0.35673,0.01157,0.55693
3,0.97583,6.30643,20,0.36569,-0.0235,0.52123
3,0.97583,6.30643,21,0.37461,-0.05846,0.4719
3,0.97583,6.30643,22,0.3835,-0.09327,0.409
3,0.97583,6.30643,23,0.39234,-0.12792,0.33263
3,0.97583,6.30643,24,0.40114,-0.1624,0.24288
3,0.97583,6.30643,25,0.40989,-0.19668,0.13987
3,0.97583,6.30643,26,0.40933,-0.21336,0.10256
3,0.97583,6.30643,27,0.39721,-0.20825,0.15004
3,0.97583,6.30643,28,0.38512,-0.20316,0.1836
3,0.97583,6.30643,29,0.37307,-0.19808,0.20328
3,0.97583,6.30643,30,0.36105,-0.19302,0.20914
3,0.97583,6.30643,31,0.34905,-0.18796,0.2012
3,0.97583,6.30643,32,0.33708,-0.18292,0.1795
3,0.97583,6.30643,33,0.32514,-0.17789,0.14408
3,0.97583,6.30643,34,0.31324,-0.17288,0.095
3,0.97583,6.30643,35,0.31234,-0.1697,0.10417
3,0.97583,6.30643,36,0.31458,-0.16705,0.12003
3,0.97583,6.30643,37,0.31681,-0.16441,0.12209
3,0.97583,6.30643,38,0.31904,-0.16177,0.11035
3,0.97583,6.30643,39,0.32126,-0.15914,0.08486
3,0.97583,6.30643,40,0.33298,-0.15387,0.08509
3,0.97583,6.30643,41,0.34585,-0.14828,0.07647
3,0.97583,6.30643,42,0.35693,-0.14083,0.06435
3,0.97583,6.30643,43,0.365,-0.13287,0.05305
3,0.97583,6.30643,44,0.36906,-0.12702,0.05081
3,0.97583,6.30643,45,0.37212,-0.12372,0.04942
3,0.97583,6.30643,46,0.37373,-0.1232,0.04979
3,0.97583,6.30643,47,0.37365,-0.12318,0.0499
3,0.97583,6.30643,48,0.3736,-0.12317,0.04994
3,0.97583,6.30643,49,0.3736,-0.12315,0.04997
3,0.97583,6.30643,50,0.3736,-0.12314,0.04998
3,0.97583,6.30643,51,0.3736,-0.12314,0.04998
3,0.97583,6.30643,52,0.3736,-0.12313,0.04998
3,0.97583,6.30643,53,0.3736,-0.12313,0.04998
3,0.97583,6.30643,54,0.3736,-0.12313,0.04998
3,0.97583,6.30643,55,0.3736,-0.12313,0.04998
3,0.97583,6.30643,56,0.3736,-0.12313,0.04998
3,0.97583,6.30643,57,0.3736,-0.12313,0.04998
3,0.97583,6.30643,58,0.3736,-0.12313,0.04998
3,0.97583,6.30643,59,0.37359,-0.12313,0.04998
3,0.97583,6.30643,60,0.37359,-0.12313,0.04998
3,0.97583,6.30643,61,0.37359,-0.12313,0.04998
3,0.97583,6.30643,62,0.37359,-0.12313,0.04998
3,0.97583,6.30643,63,0.37359,-0.12313,0.04998
3,0.97583,6.30643,64,0.37359,-0.12312,0.04998
3,0.97583,6.30643,65,0.37359,-0.12312,0.04998
3,0.97583,6.30643,66,0.37359,-0.12312,0.04998
3,0.97583,6.30643,67,0.37359,-0.12312,0.04998
4,0.97583,6.30643,1,0.32656,0.24468,0.44257
4,0.97583,6.30643,2,0.28631,0.33668,0.74579
4,0.97583,6.30643,3,0.25539,0.40735,0.93409
4,0.97583,6.30643,4,0.25539,0.40735,0.76839
4,0.97583,6.30643,5,0.25539,0.40736,0.59034
4,0.97583,6.30643,6,0.25539,0.40736,0.40011
4,0.97583,6.30643,7,0.25539,0.40737,0.1979
4,0.97583,6.30643,8,0.25606,0.40595,0.03313
4,0.97583,6.30643,9,0.26543,0.36923,0.15157
4,0.97583,6.30643,10,0.27474,0.33275,0.25551
4,0.97583,6.30643,11,0.284,0.29647,0.3451
4,0.97583,6.30643,12,0.29322,0.26037,0.42047
4,0.97583,6.30643,13,0.30239,0.22445,0.48172
4,0.97583,6.30643,14,0.31152,0.18867,0.52894
4,0.97583,6.30643,15,0.32062,0.15303,0.56222
4,0.97583,6.30643,16,0.32969,0.1175,0.58161
4,0.97583,6.30643,17,0.33873,0.08208,0.58716
4,0.97583,6.30643,18,0.34774,0.04677,0.57892
4,0.97583,6.30643,19,0.35673,0.01157,0.55693
4,0.97583,6.30643,20,0.36569,-0.0235,0.52123
4,0.97583,6.30643,21,0.37461,-0.05846,0.4719
4,0.97583,6.30643,22,0.3835,-0.09327,0.409
4,0.97583,6.30643,23,0.39234,-0.12792,0.33263
4,0.97583,6.30643,24,0.40114,-0.1624,0.24288
4,0.97583,6.30643,25,0.40989,-0.19668,0.13987
4,0.97583,6.30643,26,0.40933,-0.21336,0.10256
4,0.97583,6.30643,27,0.39721,-0.20825,0.15004
4,0.97583,6.30643,28,0.38512,-0.20316,0.1836
4,0.97583,6.30643,29,0.37307,-0.19808,0.20328
4,0.97583,6.30643,30,0.36105,-0.19302,0.20914
4,0.97583,6.30643,31,0.34905,-0.18796,0.2012
4,0.97583,6.30643,32,0.33708,-0.18292,0.1795
4,0.97583,6.30643,33,0.32514,-0.17789,0.14408
4,0.97583,6.30643,34,0.31324,-0.17288,0.095
4,0.97583,6.30643,35,0.31234,-0.1697,0.10417
4,0.97583,6.30643,36,0.31458,-0.16705,0.12003
4,0.97583,6.30643,37,0.31681,-0.16441,0.12209
4,0.97583,6.30643,38,0.31904,-0.16177,0.11035
4,0.97583,6.30643,39,0.32126,-0.15914,0.08486
4,0.97583,6.30643,40,0.33298,-0.15387,0.08509
4,0.97583,6.30643,41,0.34585,-0.14828,0.07647
4,0.97583,6.30643,42,0.35693,-0.14083,0.06435
4,0.97583,6.30643,43,0.365,-0.13287,0.05305
4,0.97583,6.30643,44,0.36906,-0.12702,0.05081
4,0.97583,6.30643,45,0.37212,-0.12372,0.04942
4,0.97583,6.30643,46,0.37373,-0.1232,0.04979
4,0.97583,6.30643,47,0.37365,-0.12318,0.0499
4,0.97583,6.30643,48,0.3736,-0.12317,0.04994
4,0.97583,6.30643,49,0.3736,-0.12315,0.04997
4,0.97583,6.30643,50,0.3736,-0.12314,0.04998
4,0.97583,6.30643,51,0.3736,-0.12314,0.04998
4,0.97583,6.30643,52,0.3736,-0.12313,0.04998
4,0.97583,6.30643,53,0.3736,-0.12313,0.04998
4,0.97583,6.30643,54,0.3736,-0.12313,0.04998
4,0.97583,6.30643,55,0.3736,-0.12313,0.04998
4,0.97583,6.30643,56,0.3736,-0.12313,0.04998
4,0.97583,6.30643,57,0.3736,-0.12313,0.04998
4,0.97583,6.30643,58,0.3736,-0.12313,0.04998
4,0.97583,6.30643,59,0.37359,-0.12313,0.04998
4,0.97583,6.30643,60,0.37359,-0.12313,0.04998
4,0.97583,6.30643,61,0.37359,-0.12313,0.04998
4,0.97583,6.30643,62,0.37359,-0.12313,0.04998
4,0.97583,6.30643,63,0.37359,-0.12313,0.04998
4,0.97583,6.30643,64,0.37359,-0.12312,0.04998
4,0.97583,6.30643,65,0.37359,-0.12312,0.04998
4,0.97583,6.30643,66,0.37359,-0.12312,0.04998
4,0.97583,6.30643,67,0.37359,-0.12312,0.04998
5,0.97714,-7.89132,1,0.32656,0.24468,0.44257
5,0.97714,-7.89132,2,0.28631,0.33668,0.74579
5,0.97714,-7.89132,3,0.25539,0.40735,0.93405
5,0.97714,-7.89132,4,0.25539,0.40735,0.76817
5,0.97714,-7.89132,5,0.25539,0.40736,0.58994
5,0.97714,-7.89132,6,0.25539,0.40736,0.39953
5,0.97714,-7.89132,7,0.25539,0.40737,0.19716
5,0.97714,-7.89132,8,0.25606,0.40593,0.03241
5,0.97714,-7.89132,9,0.26549,0.36903,0.15205
5,0.97714,-7.89132,10,0.27485,0.33235,0.25719
5,0.97714,-7.89132,11,0.28416,0.29589,0.34796
5,0.97714,-7.89132,12,0.29342,0.25961,0.42451
5,0.97714,-7.89132,13,0.30264,0.22351,0.48692
5,0.97714,-7.89132,14,0.31182,0.18755,0.5353
5,0.97714,-7.89132,15,0.32097,0.15173,0.56973
5,0.97714,-7.89132,16,0.33009,0.11603,0.59027
5,0.97714,-7.89132,17,0.33917,0.08045,0.59696
5,0.97714,-7.89132,18,0.34823,0.04496,0.58986
5,0.97714,-7.89132,19,0.35727,0.00959,0.56901
5,0.97714,-7.89132,20,0.36627,-0.02566,0.53445
5,0.97714,-7.89132,21,0.37524,-0.06079,0.48624
5,0.97714,-7.89132,22,0.38417,-0.09577,0.42447
5,0.97714,-7.89132,23,0.39306,-0.13059,0.34921
5,0.97714,-7.89132,24,0.40191,-0.16524,0.26056
5,0.97714,-7.89132,25,0.41071,-0.1997,0.15865
5,0.97714,-7.89132,26,0.41281,-0.22186,0.09876
5,0.97714,-7.89132,27,0.40162,-0.21979,0.13558
5,0.97714,-7.89132,28,0.39046,-0.21772,0.15851
5,0.97714,-7.89132,29,0.37933,-0.21565,0.1676
5,0.97714,-7.89132,30,0.36823,-0.21359,0.16289
5,0.97714,-7.89132,31,0.35714,-0.21154,0.14442
5,0.97714,-7.89132,32,0.34609,-0.20949,0.11221
5,0.97714,-7.89132,33,0.33492,-0.20848,0.07048
5,0.97714,-7.89132,34,0.31728,-0.21066,0.07788
5,0.97714,-7.89132,35,0.29968,-0.21283,0.07148
5,0.97714,-7.89132,36,0.28462,-0.21368,0.06542
5,0.97714,-7.89132,37,0.27276,-0.21411,0.06219
5,0.97714,-7.89132,38,0.26187,-0.21529,0.05039
5,0.97714,-7.89132,39,0.25234,-0.21858,0.05228
5,0.97714,-7.89132,40,0.24488,-0.22068,0.05037
5,0.97714,-7.89132,41,0.24025,-0.2212,0.05002
5,0.97714,-7.89132,42,0.23729,-0.22058,0.04939
5,0.97714,-7.89132,43,0.23676,-0.21973,0.04976
5,0.97714,-7.89132,44,0.23672,-0.21992,0.04988
5,0.97714,-7.89132,45,0.2367,-0.21997,0.04993
5,0.97714,-7.89132,46,0.23668,-0.21999,0.04996
5,0.97714,-7.89132,47,0.23668,-0.22,0.04997
5,0.97714,-7.89132,48,0.23667,-0.22001,0.04998
5,0.97714,-7.89132,49,0.23667,-0.22001,0.04998
5,0.97714,-7.89132,50,0.23667,-0.22001,0.04998
5,0.97714,-7.89132,51,0.23667,-0.22001,0.04998
5,0.97714,-7.89132,52,0.23667,-0.22001,0.04998
5,0.97714,-7.89132,53,0.23667,-0.22001,0.04998
5,0.97714,-7.89132,54,0.23667,-0.22001,0.04998
5,0.97714,-7.89132,55,0.23667,-0.22001,0.04998
5,0.97714,-7.89132,56,0.23667,-0.22001,0.04998
5,0.97714,-7.89132,57,0.23667,-0.22001,0.04998
5,0.97714,-7.89132,58,0.23667,-0.22001,0.04998
5,0.97714,-7.89132,59,0.23667,-0.22001,0.04998
5,0.97714,-7.89132,60,0.23667,-0.22001,0.04998
5,0.97714,-7.89132,61,0.23667,-0.22001,0.04998
5,0.97714,-7.89132,62,0.23667,-0.22001,0.04998
5,0.97714,-7.89132,63,0.23667,-0.22001,0.04998
5,0.97714,-7.89132,64,0.23667,-0.22001,0.04998
5,0.97714,-7.89132,65,0.23667,-0.22001,0.04998
5,0.97714,-7.89132,66,0.23667,-0.22001,0.04998
5,0.97714,-7.89132,67,0.23667,-0.22001,0.04998
6,0.97583,6.30643,1,0.32656,0.24468,0.44257
6,0.97583,6.30643,2,0.28631,0.33668,0.74579
6,0.97583,6.30643,3,0.25539,0.40735,0.93409
6,0.97583,6.30643,4,0.25539,0.40735,0.76839
6,0.97583,6.30643,5,0.25539,0.40736,0.59034
6,0.97583,6.30643,6,0.25539,0.40736,0.40011
6,0.97583,6.30643,7,0.25539,0.40737,0.1979
6,0.97583,6.30643,8,0.25606,0.40595,0.03313
6,0.97583,6.30643,9,0.26543,0.36923,0.15157
6,0.97583,6.30643,10,0.27474,0.33275,0.25551
6,0.97583,6.30643,11,0.284,0.29647,0.3451
6,0.97583,6.30643,12,0.29322,0.26037,0.42047
6,0.97583,6.30643,13,0.30239,0.22445,0.48172
6,0.97583,6.30643,14,0.31152,0.18867,0.52894
6,0.97583,6.30643,15,0.32062,0.15303,0.56222
6,0.97583,6.30643,16,0.32969,0.1175,0.58161
6,0.97583,6.30643,17,0.33873,0.08208,0.58716
6,0.97583,6.30643,18,0.34774,0.04677,0.57892
6,0.97583,6.30643,19,0.35673,0.01157,0.55693
6,0.97583,6.30643,20,0.36569,-0.0235,0.52123
6,0.97583,6.30643,21,0.37461,-0.05846,0.4719
6,0.97583,6.30643,22,0.3835,-0.09327,0.409
6,0.97583,6.30643,23,0.39234,-0.12792,0.33263
6,0.97583,6.30643,24,0.40114,-0.1624,0.24288
6,0.97583,6.30643,25,0.40989,-0.19668,0.13987
6,0.97583,6.30643,26,0.40933,-0.21336,0.10256
6,0.97583,6.30643,27,0.39721,-0.20825,0.15004
6,0.97583,6.30643,28,0.38512,-0.20316,0.1836
6,0.97583,6.30643,29,0.37307,-0.19808,0.20328
6,0.97583,6.30643,30,0.36105,-0.19302,0.20914
6,0.97583,6.30643,31,0.34905,-0.18796,0.2012
6,0.97583,6.30643,32,0.33708,-0.18292,0.1795
6,0.97583,6.30643,33,0.32514,-0.17789,0.14408
6,0.97583,6.30643,34,0.31324,-0.17288,0.095
6,0.97583,6.30643,35,0.31234,-0.1697,0.10417
6,0.97583,6.30643,36,0.31458,-0.16705,0.12003
6,0.97583,6.30643,37,0.31681,-0.16441,0.12209
6,0.97583,6.30643,38,0.31904,-0.16177,0.11035
6,0.97583,6.30643,39,0.32126,-0.15914,0.08486
6,0.97583,6.30643,40,0.33298,-0.15387,0.08509
6,0.97583,6.30643,41,0.34585,-0.14828,0.07647
6,0.97583,6.30643,42,0.35693,-0.14083,0.06435
6,0.97583,6.30643,43,0.365,-0.13287,0.05305
6,0.97583,6.30643,44,0.36906,-0.12702,0.05081
6,0.97583,6.30643,45,0.37212,-0.12372,0.04942
6,0.97583,6.30643,46,0.37373,-0.1232,0.04979
6,0.97583,6.30643,47,0.37365,-0.12318,0.0499
6,0.97583,6.30643,48,0.3736,-0.12317,0.04994
6,0.97583,6.30643,49,0.3736,-0.12315,0.04997
6,0.97583,6.30643,50,0.3736,-0.12314,0.04998
6,0.97583,6.30643,51,0.3736,-0.12314,0.04998
6,0.97583,6.30643,52,0.3736,-0.12313,0.04998
6,0.97583,6.30643,53,0.3736,-0.12313,0.04998
6,0.97583,6.30643,54,0.3736,-0.12313,0.04998
6,0.97583,6.30643,55,0.3736,-0.12313,0.04998
6,0.97583,6.30643,56,0.3736,-0.12313,0.04998
6,0.97583,6.30643,57,0.3736,-0.12313,0.04998
6,0.97583,6.30643,58,0.3736,-0.12313,0.04998
6,0.97583,6.30643,59,0.37359,-0.12313,0.04998
6,0.97583,6.30643,60,0.37359,-0.12313,0.04998
6,0.97583,6.30643,61,0.37359,-0.12313,0.04998
6,0.97583,6.30643,62,0.37359,-0.12313,0.04998
6,0.97583,6.30643,63,0.37359,-0.12313,0.04998
6,0.97583,6.30643,64,0.37359,-0.12312,0.04998
6,0.97583,6.30643,65,0.37359,-0.12312,0.04998
6,0.97583,6.30643,66,0.37359,-0.12312,0.04998
6,0.97583,6.30643,67,0.37359,-0.12312,0.04998
7,0.97714,-7.89132,1,0.32656,0.24468,0.44257
7,0.97714,-7.89132,2,0.28631,0.33668,0.74579
7,0.97714,-7.89132,3,0.25539,0.40735,0.93405
7,0.97714,-7.89132,4,0.25539,0.40735,0.76817
7,0.97714,-7.89132,5,0.25539,0.40736,0.58994
7,0.97714,-7.89132,6,0.25539,0.40736,0.39953
7,0.97714,-7.89132,7,0.25539,0.40737,0.19716
7,0.97714,-7.89132,8,0.25606,0.40593,0.03241
7,0.97714,-7.89132,9,0.26549,0.36903,0.15205
7,0.97714,-7.89132,10,0.27485,0.33235,0.25719
7,0.97714,-7.89132,11,0.28416,0.29589,0.34796
7,0.97714,-7.89132,12,0.29342,0.25961,0.42451
7,0.97714,-7.89132,13,0.30264,0.22351,0.48692
7,0.97714,-7.89132,14,0.31182,0.18755,0.5353
7,0.97714,-7.89132,15,0.32097,0.15173,0.56973
7,0.97714,-7.89132,16,0.33009,0.11603,0.59027
7,0.97714,-7.89132,17,0.33917,0.08045,0.59696
7,0.97714,-7.89132,18,0.34823,0.04496,0.58986
7,0.97714,-7.89132,19,0.35727,0.00959,0.56901
7,0.97714,-7.89132,20,0.36627,-0.02566,0.53445
7,0.97714,-7.89132,21,0.37524,-0.06079,0.48624
7,0.97714,-7.89132,22,0.38417,-0.09577,0.42447
7,0.97714,-7.89132,23,0.39306,-0.13059,0.34921
7,0.97714,-7.89132,24,0.40191,-0.16524,0.26056
7,0.97714,-7.89132,25,0.41071,-0.1997,0.15865
7,0.97714,-7.89132,26,0.41281,-0.22186,0.09876
7,0.97714,-7.89132,27,0.40162,-0.21979,0.13558
7,0.97714,-7.89132,28,0.39046,-0.21772,0.15851
7,0.97714,-7.89132,29,0.37933,-0.21565,0.1676
7,0.97714,-7.89132,30,0.36823,-0.21359,0.16289
7,0.97714,-7.89132,31,0.35714,-0.21154,0.14442
7,0.97714,-7.89132,32,0.34609,-0.20949,0.11221
7,0.97714,-7.89132,33,0.33492,-0.20848,0.07048
7,0.97714,-7.89132,34,0.31728,-0.21066,0.07788
7,0.97714,-7.89132,35,0.29968,-0.21283,0.07148
7,0.97714,-7.89132,36,0.28462,-0.21368,0.06542
7,0.97714,-7.89132,37,0.27276,-0.21411,0.06219
7,0.97714,-7.89132,38,0.26187,-0.21529,0.05039
7,0.97714,-7.89132,39,0.25234,-0.21858,0.05228
7,0.97714,-7.89132,40,0.24488,-0.22068,0.05037
7,0.97714,-7.89132,41,0.24025,-0.2212,0.05002
7,0.97714,-7.89132,42,0.23729,-0.22058,0.04939
7,0.97714,-7.89132,43,0.23676,-0.21973,0.04976
7,0.97714,-7.89132,44,0.23672,-0.21992,0.04988
7,0.97714,-7.89132,45,0.2367,-0.21997,0.04993
7,0.97714,-7.89132,46,0.23668,-0.21999,0.04996
7,0.97714,-7.89132,47,0.23668,-0.22,0.04997
7,0.97714,-7.89132,48,0.23667,-0.22001,0.04998
7,0.97714,-7.89132,49,0.23667,-0.22001,0.04998
7,0.97714,-7.89132,50,0.23667,-0.22001,0.04998
7,0.97714,-7.89132,51,0.23667,-0.22001,0.04998
7,0.97714,-7.89132,52,0.23667,-0.22001,0.04998
7,0.97714,-7.89132,53,0.23667,-0.22001,0.04998
7,0.97714,-7.89132,54,0.23667,-0.22001,0.04998
7,0.97714,-7.89132,55,0.23667,-0.22001,0.04998
7,0.97714,-7.89132,56,0.23667,-0.22001,0.04998
7,0.97714,-7.89132,57,0.23667,-0.22001,0.04998
7,0.97714,-7.89132,58,0.23667,-0.22001,0.04998
7,0.97714,-7.89132,59,0.23667,-0.22001,0.04998
7,0.97714,-7.89132,60,0.23667,-0.22001,0.04998
7,0.97714,-7.89132,61,0.23667,-0.22001,0.04998
7,0.97714,-7.89132,62,0.23667,-0.22001,0.04998
7,0.97714,-7.89132,63,0.23667,-0.22001,0.04998
7,0.97714,-7.89132,64,0.23667,-0.22001,0.04998
7,0.97714,-7.89132,65,0.23667,-0.22001,0.04998
7,0.97714,-7.89132,66,0.23667,-0.22001,0.04998
7,0.97714,-7.89132,67,0.23667,-0.22001,0.04998
8,0.97583,6.30643,1,0.32656,0.24468,0.44257
8,0.97583,6.30643,2,0.28631,0.33668,0.74579
8,0.97583,6.30643,3,0.25539,0.40735,0.93409
8,0.97583,6.30643,4,0.25539,0.40735,0.76839
8,0.97583,6.30643,5,0.25539,0.40736,0.59034
8,0.97583,6.30643,6,0.25539,0.40736,0.40011
8,0.97583,6.30643,7,0.25539,0.40737,0.1979
8,0.97583,6.30643,8,0.25606,0.40595,0.03313
8,0.97583,6.30643,9,0.26543,0.36923,0.15157
8,0.97583,6.30643,10,0.27474,0.33275,0.25551
8,0.97583,6.30643,11,0.284,0.29647,0.3451
8,0.97583,6.30643,12,0.29322,0.26037,0.42047
8,0.97583,6.30643,13,0.30239,0.22445,0.48172
8,0.97583,6.30643,14,0.31152,0.18867,0.52894
8,0.97583,6.30643,15,0.32062,0.15303,0.56222
8,0.97583,6.30643,16,0.32969,0.1175,0.58161
8,0.97583,6.30643,17,0.33873,0.08208,0.58716
8,0.97583,6.30643,18,0.34774,0.04677,0.57892
8,0.97583,6.30643,19,0.35673,0.01157,0.55693
8,0.97583,6.30643,20,0.36569,-0.0235,0.52123
8,0.97583,6.30643,21,0.37461,-0.05846,0.4719
8,0.97583,6.30643,22,0.3835,-0.09327,0.409
8,0.97583,6.30643,23,0.39234,-0.12792,0.33263
8,0.97583,6.30643,24,0.40114,-0.1624,0.24288
8,0.97583,6.30643,25,0.40989,-0.19668,0.13987
8,0.97583,6.30643,26,0.40933,-0.21336,0.10256
8,0.97583,6.30643,27,0.39721,-0.20825,0.15004
8,0.97583,6.30643,28,0.38512,-0.20316,0.1836
8,0.97583,6.30643,29,0.37307,-0.19808,0.20328
8,0.97583,6.30643,30,0.36105,-0.19302,0.20914
8,0.97583,6.30643,31,0.34905,-0.18796,0.2012
8,0.97583,6.30643,32,0.33708,-0.18292,0.1795
8,0.97583,6.30643,33,0.32514,-0.17789,0.14408
8,0.97583,6.30643,34,0.31324,-0.17288,0.095
8,0.97583,6.30643,35,0.31234,-0.1697,0.10417
8,0.97583,6.30643,36,0.31458,-0.16705,0.12003
8,0.97583,6.30643,37,0.31681,-0.16441,0.12209
8,0.97583,6.30643,38,0.31904,-0.16177,0.11035
8,0.97583,6.30643,39,0.32126,-0.15914,0.08486
8,0.97583,6.30643,40,0.33298,-0.15387,0.08509
8,0.97583,6.30643,41,0.34585,-0.14828,0.07647
8,0.97583,6.30643,42,0.35693,-0.14083,0.06435
8,0.97583,6.30643,43,0.365,-0.13287,0.05305
8,0.97583,6.30643,44,0.36906,-0.12702,0.05081
8,0.97583,6.30643,45,0.37212,-0.12372,0.04942
8,0.97583,6.30643,46,0.37373,-0.1232,0.04979
8,0.97583,6.30643,47,0.37365,-0.12318,0.0499
8,0.97583,6.30643,48,0.3736,-0.12317,0.04994
8,0.97583,6.30643,49,0.3736,-0.12315,0.04997
8,0.97583,6.30643,50,0.3736,-0.12314,0.04998
8,0.97583,6.30643,51,0.3736,-0.12314,0.04998
8,0.97583,6.30643,52,0.3736,-0.12313,0.04998
8,0.97583,6.30643,53,0.3736,-0.12313,0.04998
8,0.97583,6.30643,54,0.3736,-0.12313,0.04998
8,0.97583,6.30643,55,0.3736,-0.12313,0.04998
8,0.97583,6.30643,56,0.3736,-0.12313,0.04998
8,0.97583,6.30643,57,0.3736,-0.12313,0.04998
8,0.97583,6.30643,58,0.3736,-0.12313,0.04998
8,0.97583,6.30643,59,0.37359,-0.12313,0.04998
8,0.97583,6.30643,60,0.37359,-0.12313,0.04998
8,0.97583,6.30643,61,0.37359,-0.12313,0.04998
8,0.97583,6.30643,62,0.37359,-0.12313,0.04998
8,0.97583,6.30643,63,0.37359,-0.12313,0.04998
8,0.97583,6.30643,64,0.37359,-0.12312,0.04998
8,0.97583,6.30643,65,0.37359,-0.12312,0.04998
8,0.97583,6.30643,66,0.37359,-0.12312,0.04998
8,0.97583,6.30643,67,0.37359,-0.12312,0.04998
9,0.97583,6.30643,1,0.32656,0.24468,0.44257
9,0.97583,6.30643,2,0.28631,0.33668,0.74579
9,0.97583,6.30643,3,0.25539,0.40735,0.93409
9,0.97583,6.30643,4,0.25539,0.40735,0.76839
9,0.97583,6.30643,5,0.25539,0.40736,0.59034
9,0.97583,6.30643,6,0.25539,0.40736,0.40011
9,0.97583,6.30643,7,0.25539,0.40737,0.1979
9,0.97583,6.30643,8,0.25606,0.40595,0.03313
9,0.97583,6.30643,9,0.26543,0.36923,0.15157
9,0.97583,6.30643,10,0.27474,0.33275,0.25551
9,0.97583,6.30643,11,0.284,0.29647,0.3451
9,0.97583,6.30643,12,0.29322,0.26037,0.42047
9,0.97583,6.30643,13,0.30239,0.22445,0.48172
9,0.97583,6.30643,14,0.31152,0.18867,0.52894
9,0.97583,6.30643,15,0.32062,0.15303,0.56222
9,0.97583,6.30643,16,0.32969,0.1175,0.58161
9,0.97583,6.30643,17,0.33873,0.08208,0.58716
9,0.97583,6.30643,18,0.34774,0.04677,0.57892
9,0.97583,6.30643,19,0.35673,0.01157,0.55693
9,0.97583,6.30643,20,0.36569,-0.0235,0.52123
9,0.97583,6.30643,21,0.37461,-0.05846,0.4719
9,0.97583,6.30643,22,0.3835,-0.09327,0.409
9,0.97583,6.30643,23,0.39234,-0.12792,0.33263
9,0.97583,6.30643,24,0.40114,-0.1624,0.24288
9,0.97583,6.30643,25,0.40989,-0.19668,0.13987
9,0.97583,6.30643,26,0.40933,-0.21336,0.10256
9,0.97583,6.30643,27,0.39721,-0.20825,0.15004
9,0.97583,6.30643,28,0.38512,-0.20316,0.1836
9,0.97583,6.30643,29,0.37307,-0.19808,0.20328
9,0.97583,6.30643,30,0.36105,-0.19302,0.20914
9,0.97583,6.30643,31,0.34905,-0.18796,0.2012
9,0.97583,6.30643,32,0.33708,-0.18292,0.1795
9,0.97583,6.30643,33,0.32514,-0.17789,0.14408
9,0.97583,6.30643,34,0.31324,-0.17288,0.095
9,0.97583,6.30643,35,0.31234,-0.1697,0.10417
9,0.97583,6.30643,36,0.31458,-0.16705,0.12003
9,0.97583,6.30643,37,0.31681,-0.16441,0.12209
9,0.97583,6.30643,38,0.31904,-0.16177,0.11035
9,0.97583,6.30643,39,0.32126,-0.15914,0.08486
9,0.97583,6.30643,40,0.33298,-0.15387,0.08509
9,0.97583,6.30643,41,0.34585,-0.14828,0.07647
9,0.97583,6.30643,42,0.35693,-0.14083,0.06435
9,0.97583,6.30643,43,0.365,-0.13287,0.05305
9,0.97583,6.30643,44,0.36906,-0.12702,0.05081
9,0.97583,6.30643,45,0.37212,-0.12372,0.04942
9,0.97583,6.30643,46,0.37373,-0.1232,0.04979
9,0.97583,6.30643,47,0.37365,-0.12318,0.0499
9,0.97583,6.30643,48,0.3736,-0.12317,0.04994
9,0.97583,6.30643,49,0.3736,-0.12315,0.04997
9,0.97583,6.30643,50,0.3736,-0.12314,0.04998
9,0.97583,6.30643,51,0.3736,-0.12314,0.04998
9,0.97583,6.30643,52,0.3736,-0.12313,0.04998
9,0.97583,6.30643,53,0.3736,-0.12313,0.04998
9,0.97583,6.30643,54,0.3736,-0.12313,0.04998
9,0.97583,6.30643,55,0.3736,-0.12313,0.04998
9,0.97583,6.30643,56,0.3736,-0.12313,0.04998
9,0.97583,6.30643,57,0.3736,-0.12313,0.04998
9,0.97583,6.30643,58,0.3736,-0.12313,0.04998
9,0.97583,6.30643,59,0.37359,-0.12313,0.04998
9,0.97583,6.30643,60,0.37359,-0.12313,0.04998
9,0.97583,6.30643,61,0.37359,-0.12313,0.04998
9,0.97583,6.30643,62,0.37359,-0.12313,0.04998
9,0.97583,6.30643,63,0.37359,-0.12313,0.04998
9,0.97583,6.30643,64,0.37359,-0.12312,0.04998
9,0.97583,6.30643,65,0.37359,-0.12312,0.04998
9,0.97583,6.30643,66,0.37359,-0.12312,0.04998
9,0.97583,6.30643,67,0.37359,-0.12312,0.04998
10,0.97583,6.30643,1,0.32656,0.24468,0.44257
10,0.97583,6.30643,2,0.28631,0.33668,0.74579
10,0.97583,6.30643,3,0.25539,0.40735,0.93409
10,0.97583,6.30643,4,0.25539,0.40735,0.76839
10,0.97583,6.30643,5,0.25539,0.40736,0.59034
10,0.97583,6.30643,6,0.25539,0.40736,0.40011
10,0.97583,6.30643,7,0.25539,0.40737,0.1979
10,0.97583,6.30643,8,0.25606,0.40595,0.03313
10,0.97583,6.30643,9,0.26543,0.36923,0.15157
10,0.97583,6.30643,10,0.27474,0.33275,0.25551
10,0.97583,6.30643,11,0.284,0.29647,0.3451
10,0.97583,6.30643,12,0.29322,0.26037,0.42047
10,0.97583,6.30643,13,0.30239,0.22445,0.48172
10,0.97583,6.30643,14,0.31152,0.18867,0.52894
10,0.97583,6.30643,15,0.32062,0.15303,0.56222
10,0.97583,6.30643,16,0.32969,0.1175,0.58161
10,0.97583,6.30643,17,0.33873,0.08208,0.58716
10,0.97583,6.30643,18,0.34774,0.04677,0.57892
10,0.97583,6.30643,19,0.35673,0.01157,0.55693
10,0.97583,6.30643,20,0.36569,-0.0235,0.52123
10,0.97583,6.30643,21,0.37461,-0.05846,0.4719
10,0.97583,6.30643,22,0.3835,-0.09327,0.409
10,0.97583,6.30643,23,0.39234,-0.12792,0.33263
10,0.97583,6.30643,24,0.40114,-0.1624,0.24288
10,0.97583,6.30643,25,0.40989,-0.19668,0.13987
10,0.97583,6.30643,26,0.40933,-0.21336,0.10256
10,0.97583,6.30643,27,0.39721,-0.20825,0.15004
10,0.97583,6.30643,28,0.38512,-0.20316,0.1836
10,0.97583,6.30643,29,0.37307,-0.19808,0.20328
10,0.97583,6.30643,30,0.36105,-0.19302,0.20914
10,0.97583,6.30643,31,0.34905,-0.18796,0.2012
10,0.97583,6.30643,32,0.33708,-0.18292,0.1795
10,0.97583,6.30643,33,0.32514,-0.17789,0.14408
10,0.97583,6.30643,34,0.31324,-0.17288,0.095
10,0.97583,6.30643,35,0.31234,-0.1697,0.10417
10,0.97583,6.30643,36,0.31458,-0.16705,0.12003
10,0.97583,6.30643,37,0.31681,-0.16441,0.12209
10,0.97583,6.30643,38,0.31904,-0.16177,0.11035
10,0.97583,6.30643,39,0.32126,-0.15914,0.08486
10,0.97583,6.30643,40,0.33298,-0.15387,0.08509
10,0.97583,6.30643,41,0.34585,-0.14828,0.07647
10,0.97583,6.30643,42,0.35693,-0.14083,0.06435
10,0.97583,6.30643,43,0.365,-0.13287,0.05305
10,0.97583,6.30643,44,0.36906,-0.12702,0.05081
10,0.97583,6.30643,45,0.37212,-0.12372,0.04942
10,0.97583,6.30643,46,0.37373,-0.1232,0.04979
10,0.97583,6.30643,47,0.37365,-0.12318,0.0499
10,0.97583,6.30643,48,0.3736,-0.12317,0.04994
10,0.97583,6.30643,49,0.3736,-0.12315,0.04997
10,0.97583,6.30643,50,0.3736,-0.12314,0.04998
10,0.97583,6.30643,51,0.3736,-0.12314,0.04998
10,0.97583,6.30643,52,0.3736,-0.12313,0.04998
10,0.97583,6.30643,53,0.3736,-0.12313,0.04998
10,0.97583,6.30643,54,0.3736,-0.12313,0.04998
10,0.97583,6.30643,55,0.3736,-0.12313,0.04998
10,0.97583,6.30643,56,0.3736,-0.12313,0.04998
10,0.97583,6.30643,57,0.3736,-0.12313,0.04998
10,0.97583,6.30643,58,0.3736,-0.12313,0.04998
10,0.97583,6.30643,59,0.37359,-0.12313,0.04998
10,0.97583,6.30643,60,0.37359,-0.12313,0.04998
10,0.97583,6.30643,61,0.37359,-0.12313,0.04998
10,0.97583,6.30643,62,0.37359,-0.12313,0.04998
10,0.97583,6.30643,63,0.37359,-0.12313,0.04998
10,0.97583,6.30643,64,0.37359,-0.12312,0.04998
10,0.97583,6.30643,65,0.37359,-0.12312,0.04998
10,0.97583,6.30643,66,0.37359,-0.12312,0.04998
10,0.97583,6.30643,67,0.37359,-0.12312,0.04998
11,0.97583,6.30643,1,0.32656,0.24468,0.44257
11,0.97583,6.30643,2,0.28631,0.33668,0.74579
11,0.97583,6.30643,3,0.25539,0.40735,0.93409
11,0.97583,6.30643,4,0.25539,0.40735,0.76839
11,0.97583,6.30643,5,0.25539,0.40736,0.59034
11,0.97583,6.30643,6,0.25539,0.40736,0.40011
11,0.97583,6.30643,7,0.25539,0.40737,0.1979
11,0.97583,6.30643,8,0.25606,0.40595,0.03313
11,0.97583,6.30643,9,0.26543,0.36923,0.15157
11,0.97583,6.30643,10,0.27474,0.33275,0.25551
11,0.97583,6.30643,11,0.284,0.29647,0.3451
11,0.97583,6.30643,12,0.29322,0.26037,0.42047
11,0.97583,6.30643,13,0.30239,0.22445,0.48172
11,0.97583,6.30643,14,0.31152,0.18867,0.52894
11,0.97583,6.30643,15,0.32062,0.15303,0.56222
11,0.97583,6.30643,16,0.32969,0.1175,0.58161
11,0.97583,6.30643,17,0.33873,0.08208,0.58716
11,0.97583,6.30643,18,0.34774,0.04677,0.57892
11,0.97583,6.30643,19,0.35673,0.01157,0.55693
11,0.97583,6.30643,20,0.36569,-0.0235,0.52123
11,0.97583,6.30643,21,0.37461,-0.05846,0.4719
11,0.97583,6.30643,22,0.3835,-0.09327,0.409
11,0.97583,6.30643,23,0.39234,-0.12792,0.33263
11,0.97583,6.30643,24,0.40114,-0.1624,0.24288
11,0.97583,6.30643,25,0.40989,-0.19668,0.13987
11,0.97583,6.30643,26,0.40933,-0.21336,0.10256
11,0.97583,6.30643,27,0.39721,-0.20825,0.15004
11,0.97583,6.30643,28,0.38512,-0.20316,0.1836
11,0.97583,6.30643,29,0.37307,-0.19808,0.20328
11,0.97583,6.30643,30,0.36105,-0.19302,0.20914
11,0.97583,6.30643,31,0.34905,-0.18796,0.2012
11,0.97583,6.30643,32,0.33708,-0.18292,0.1795
11,0.97583,6.30643,33,0.32514,-0.17789,0.14408
11,0.97583,6.30643,34,0.31324,-0.17288,0.095
11,0.97583,6.30643,35,0.31234,-0.1697,0.10417
11,0.97583,6.30643,36,0.31458,-0.16705,0.12003
11,0.97583,6.30643,37,0.31681,-0.16441,0.12209
11,0.97583,6.30643,38,0.31904,-0.16177,0.11035
11,0.97583,6.30643,39,0.32126,-0.15914,0.08486
11,0.97583,6.30643,40,0.33298,-0.15387,0.08509
11,0.97583,6.30643,41,0.34585,-0.14828,0.07647
11,0.97583,6.30643,42,0.35693,-0.14083,0.06435
11,0.97583,6.30643,43,0.365,-0.13287,0.05305
11,0.97583,6.30643,44,0.36906,-0.12702,0.05081
11,0.97583,6.30643,45,0.37212,-0.12372,0.04942
11,0.97583,6.30643,46,0.37373,-0.1232,0.04979
11,0.97583,6.30643,47,0.37365,-0.12318,0.0499
11,0.97583,6.30643,48,0.3736,-0.12317,0.04994
11,0.97583,6.30643,49,0.3736,-0.12315,0.04997
11,0.97583,6.30643,50,0.3736,-0.12314,0.04998
11,0.97583,6.30643,51,0.3736,-0.12314,0.04998
11,0.97583,6.30643,52,0.3736,-0.12313,0.04998
11,0.97583,6.30643,53,0.3736,-0.12313,0.04998
11,0.97583,6.30643,54,0.3736,-0.12313,0.04998
11,0.97583,6.30643,55,0.3736,-0.12313,0.04998
11,0.97583,6.30643,56,0.3736,-0.12313,0.04998
11,0.97583,6.30643,57,0.3736,-0.12313,0.04998
11,0.97583,6.30643,58,0.3736,-0.12313,0.04998
11,0.97583,6.30643,59,0.37359,-0.12313,0.04998
11,0.97583,6.30643,60,0.37359,-0.12313,0.04998
11,0.97583,6.30643,61,0.37359,-0.12313,0.04998
11,0.97583,6.30643,62,0.37359,-0.12313,0.04998
11,0.97583,6.30643,63,0.37359,-0.12313,0.04998
11,0.97583,6.30643,64,0.37359,-0.12312,0.04998
11,0.97583,6.30643,65,0.37359,-0.12312,0.04998
11,0.97583,6.30643,66,0.37359,-0.12312,0.04998
11,0.97583,6.30643,67,0.37359,-0.12312,0.04998
12,0.97583,6.30643,1,0.32656,0.24468,0.44257
12,0.97583,6.30643,2,0.28631,0.33668,0.74579
12,0.97583,6.30643,3,0.25539,0.40735,0.93409
12,0.97583,6.30643,4,0.25539,0.40735,0.76839
12,0.97583,6.30643,5,0.25539,0.40736,0.59034
12,0.97583,6.30643,6,0.25539,0.40736,0.40011
12,0.97583,6.30643,7,0.25539,0.40737,0.1979
12,0.97583,6.30643,8,0.25606,0.40595,0.03313
12,0.97583,6.30643,9,0.26543,0.36923,0.15157
12,0.97583,6.30643,10,0.27474,0.33275,0.25551
12,0.97583,6.30643,11,0.284,0.29647,0.3451
12,0.97583,6.30643,12,0.29322,0.26037,0.42047
12,0.97583,6.30643,13,0.30239,0.22445,0.48172
12,0.97583,6.30643,14,0.31152,0.18867,0.52894
12,0.97583,6.30643,15,0.32062,0.15303,0.56222
12,0.97583,6.30643,16,0.32969,0.1175,0.58161
12,0.97583,6.30643,17,0.33873,0.08208,0.58716
12,0.97583,6.30643,18,0.34774,0.04677,0.57892
12,0.97583,6.30643,19,0.35673,0.01157,0.55693
12,0.97583,6.30643,20,0.36569,-0.0235,0.52123
12,0.97583,6.30643,21,0.37461,-0.05846,0.4719
12,0.97583,6.30643,22,0.3835,-0.09327,0.409
12,0.97583,6.30643,23,0.39234,-0.12792,0.33263
12,0.97583,6.30643,24,0.40114,-0.1624,0.24288
12,0.97583,6.30643,25,0.40989,-0.19668,0.13987
12,0.97583,6.30643,26,0.40933,-0.21336,0.10256
12,0.97583,6.30643,27,0.39721,-0.20825,0.15004
12,0.97583,6.30643,28,0.38512,-0.20316,0.1836
12,0.97583,6.30643,29,0.37307,-0.19808,0.20328
12,0.97583,6.30643,30,0.36105,-0.19302,0.20914
12,0.97583,6.30643,31,0.34905,-0.18796,0.2012
12,0.97583,6.30643,32,0.33708,-0.18292,0.1795
12,0.97583,6.30643,33,0.32514,-0.17789,0.14408
12,0.97583,6.30643,34,0.31324,-0.17288,0.095
12,0.97583,6.30643,35,0.31234,-0.1697,0.10417
12,0.97583,6.30643,36,0.31458,-0.16705,0.12003
12,0.97583,6.30643,37,0.31681,-0.16441,0.12209
12,0.97583,6.30643,38,0.31904,-0.16177,0.11035
12,0.97583,6.30643,39,0.32126,-0.15914,0.08486
12,0.97583,6.30643,40,0.33298,-0.15387,0.08509
12,0.97583,6.30643,41,0.34585,-0.14828,0.07647
12,0.97583,6.30643,42,0.35693,-0.14083,0.06435
12,0.97583,6.30643,43,0.365,-0.13287,0.05305
12,0.97583,6.30643,44,0.36906,-0.12702,0.05081
12,0.97583,6.30643,45,0.37212,-0.12372,0.04942
12,0.97583,6.30643,46,0.37373,-0.1232,0.04979
12,0.97583,6.30643,47,0.37365,-0.12318,0.0499
12,0.97583,6.30643,48,0.3736,-0.12317,0.04994
12,0.97583,6.30643,49,0.3736,-0.12315,0.04997
12,0.97583,6.30643,50,0.3736,-0.12314,0.04998
12,0.97583,6.30643,51,0.3736,-0.12314,0.04998
12,0.97583,6.30643,52,0.3736,-0.12313,0.04998
12,0.97583,6.30643,53,0.3736,-0.12313,0.04998
12,0.97583,6.30643,54,0.3736,-0.12313,0.04998
12,0.97583,6.30643,55,0.3736,-0.12313,0.04998
12,0.97583,6.30643,56,0.3736,-0.12313,0.04998
12,0.97583,6.30643,57,0.3736,-0.12313,0.04998
12,0.97583,6.30643,58,0.3736,-0.12313,0.04998
12,0.97583,6.30643,59,0.37359,-0.12313,0.04998
12,0.97583,6.30643,60,0.37359,-0.12313,0.04998
12,0.97583,6.30643,61,0.37359,-0.12313,0.04998
12,0.97583,6.30643,62,0.37359,-0.12313,0.04998
12,0.97583,6.30643,63,0.37359,-0.12313,0.04998
12,0.97583,6.30643,64,0.37359,-0.12312,0.04998
12,0.97583,6.30643,65,0.37359,-0.12312,0.04998
12,0.97583,6.30643,66,0.37359,-0.12312,0.04998
12,0.97583,6.30643,67,0.37359,-0.12312,0.04998
13,0.97619,-21.48635,1,0.32656,0.24468,0.44257
13,0.97619,-21.48635,2,0.28631,0.33668,0.74579
13,0.97619,-21.48635,3,0.25539,0.40735,0.93408
13,0.97619,-21.48635,4,0.25539,0.40735,0.76833
13,0.97619,-21.48635,5,0.25539,0.40736,0.59023
13,0.97619,-21.48635,6,0.25539,0.40736,0.39995
13,0.97619,-21.48635,7,0.25539,0.40737,0.1977
13,0.97619,-21.48635,8,0.25606,0.40594,0.03293
13,0.97619,-21.48635,9,0.26544,0.36918,0.1517
13,0.97619,-21.48635,10,0.27477,0.33264,0.25597
13,0.97619,-21.48635,11,0.28405,0.29631,0.34589
13,0.97619,-21.48635,12,0.29327,0.26017,0.42158
13,0.97619,-21.48635,13,0.30246,0.22419,0.48314
13,0.97619,-21.48635,14,0.3116,0.18837,0.53069
13,0.97619,-21.48635,15,0.32072,0.15267,0.56428
13,0.97619,-21.48635,16,0.3298,0.1171,0.58398
13,0.97619,-21.48635,17,0.33885,0.08164,0.58985
13,0.97619,-21.48635,18,0.34788,0.04628,0.58192
13,0.97619,-21.48635,19,0.35688,0.01103,0.56024
13,0.97619,-21.48635,20,0.36585,-0.0241,0.52486
13,0.97619,-21.48635,21,0.37478,-0.0591,0.47583
13,0.97619,-21.48635,22,0.38368,-0.09396,0.41325
13,0.97619,-21.48635,23,0.39254,-0.12865,0.33718
13,0.97619,-21.48635,24,0.40135,-0.16318,0.24773
13,0.97619,-21.48635,25,0.41012,-0.19751,0.14502
13,0.97619,-21.48635,26,0.4105,-0.21553,0.1017
13,0.97619,-21.48635,27,0.40048,-0.21336,0.13534
13,0.97619,-21.48635,28,0.3905,-0.2112,0.15511
13,0.97619,-21.48635,29,0.38053,-0.20905,0.16106
13,0.97619,-21.48635,30,0.37058,-0.2069,0.15321
13,0.97619,-21.48635,31,0.36065,-0.20475,0.1316
13,0.97619,-21.48635,32,0.35075,-0.20261,0.09627
13,0.97619,-21.48635,33,0.34936,-0.20519,0.08604
13,0.97619,-21.48635,34,0.35219,-0.21011,0.08141
13,0.97619,-21.48635,35,0.35318,-0.21478,0.07049
13,0.97619,-21.48635,36,0.35068,-0.22092,0.06574
13,0.97619,-21.48635,37,0.34723,-0.22891,0.0573
13,0.97619,-21.48635,38,0.34207,-0.23551,0.05356
13,0.97619,-21.48635,39,0.33588,-0.23818,0.05585
13,0.97619,-21.48635,40,0.33132,-0.24056,0.0517
13,0.97619,-21.48635,41,0.32822,-0.2442,0.05151
13,0.97619,-21.48635,42,0.32599,-0.2473,0.04949
13,0.97619,-21.48635,43,0.32625,-0.24938,0.04976
13,0.97619,-21.48635,44,0.32622,-0.24946,0.04988
13,0.97619,-21.48635,45,0.32624,-0.24941,0.04993
13,0.97619,-21.48635,46,0.32626,-0.24938,0.04996
13,0.97619,-21.48635,47,0.32626,-0.24937,0.04997
13,0.97619,-21.48635,48,0.32627,-0.24937,0.04998
13,0.97619,-21.48635,49,0.32627,-0.24936,0.04998
13,0.97619,-21.48635,50,0.32627,-0.24936,0.04998
13,0.97619,-21.48635,51,0.32627,-0.24936,0.04998
13,0.97619,-21.48635,52,0.32627,-0.24936,0.04998
13,0.97619,-21.48635,53,0.32627,-0.24936,0.04998
13,0.97619,-21.48635,54,0.32627,-0.24936,0.04998
13,0.97619,-21.48635,55,0.32627,-0.24936,0.04998
13,0.97619,-21.48635,56,0.32627,-0.24936,0.04998
13,0.97619,-21.48635,57,0.32627,-0.24936,0.04998
13,0.97619,-21.48635,58,0.32627,-0.24936,0.04998
13,0.97619,-21.48635,59,0.32627,-0.24936,0.04998
13,0.97619,-21.48635,60,0.32627,-0.24936,0.04998
13,0.97619,-21.48635,61,0.32627,-0.24936,0.04998
13,0.97619,-21.48635,62,0.32627,-0.24936,0.04998
13,0.97619,-21.48635,63,0.32627,-0.24936,0.04998
13,0.97619,-21.48635,64,0.32627,-0.24936,0.04998
13,0.97619,-21.48635,65,0.32627,-0.24936,0.04998
13,0.97619,-21.48635,66,0.32627,-0.24936,0.04998
13,0.97619,-21.48635,67,0.32627,-0.24936,0.04998
14,0.97583,6.30643,1,0.32656,0.24468,0.44257
14,0.97583,6.30643,2,0.28631,0.33668,0.74579
14,0.97583,6.30643,3,0.25539,0.40735,0.93409
14,0.97583,6.30643,4,0.25539,0.40735,0.76839
14,0.97583,6.30643,5,0.25539,0.40736,0.59034
14,0.97583,6.30643,6,0.25539,0.40736,0.40011
14,0.97583,6.30643,7,0.25539,0.40737,0.1979
14,0.97583,6.30643,8,0.25606,0.40595,0.03313
14,0.97583,6.30643,9,0.26543,0.36923,0.15157
14,0.97583,6.30643,10,0.27474,0.33275,0.25551
14,0.97583,6.30643,11,0.284,0.29647,0.3451
14,0.97583,6.30643,12,0.29322,0.26037,0.42047
14,0.97583,6.30643,13,0.30239,0.22445,0.48172
14,0.97583,6.30643,14,0.31152,0.18867,0.52894
14,0.97583,6.30643,15,0.32062,0.15303,0.56222
14,0.97583,6.30643,16,0.32969,0.1175,0.58161
14,0.97583,6.30643,17,0.33873,0.08208,0.58716
14,0.97583,6.30643,18,0.34774,0.04677,0.57892
14,0.97583,6.30643,19,0.35673,0.01157,0.55693
14,0.97583,6.30643,20,0.36569,-0.0235,0.52123
14,0.97583,6.30643,21,0.37461,-0.05846,0.4719
14,0.97583,6.30643,22,0.3835,-0.09327,0.409
14,0.97583,6.30643,23,0.39234,-0.12792,0.33263
14,0.97583,6.30643,24,0.40114,-0.1624,0.24288
14,0.97583,6.30643,25,0.40989,-0.19668,0.13987
14,0.97583,6.30643,26,0.40933,-0.21336,0.10256
14,0.97583,6.30643,27,0.39721,-0.20825,0.15004
14,0.97583,6.30643,28,0.38512,-0.20316,0.1836
14,0.97583,6.30643,29,0.37307,-0.19808,0.20328
14,0.97583,6.30643,30,0.36105,-0.19302,0.20914
14,0.97583,6.30643,31,0.34905,-0.18796,0.2012
14,0.97583,6.30643,32,0.33708,-0.18292,0.1795
14,0.97583,6.30643,33,0.32514,-0.17789,0.14408
14,0.97583,6.30643,34,0.31324,-0.17288,0.095
14,0.97583,6.30643,35,0.31234,-0.1697,0.10417
14,0.97583,6.30643,36,0.31458,-0.16705,0.12003
14,0.97583,6.30643,37,0.31681,-0.16441,0.12209
14,0.97583,6.30643,38,0.31904,-0.16177,0.11035
14,0.97583,6.30643,39,0.32126,-0.15914,0.08486
14,0.97583,6.30643,40,0.33298,-0.15387,0.08509
14,0.97583,6.30643,41,0.34585,-0.14828,0.07647
14,0.97583,6.30643,42,0.35693,-0.14083,0.06435
14,0.97583,6.30643,43,0.365,-0.13287,0.05305
14,0.97583,6.30643,44,0.36906,-0.12702,0.05081
14,0.97583,6.30643,45,0.37212,-0.12372,0.04942
14,0.97583,6.30643,46,0.37373,-0.1232,0.04979
14,0.97583,6.30643,47,0.37365,-0.12318,0.0499
14,0.97583,6.30643,48,0.3736,-0.12317,0.04994
14,0.97583,6.30643,49,0.3736,-0.12315,0.04997
14,0.97583,6.30643,50,0.3736,-0.12314,0.04998
14,0.97583,6.30643,51,0.3736,-0.12314,0.04998
14,0.97583,6.30643,52,0.3736,-0.12313,0.04998
14,0.97583,6.30643,53,0.3736,-0.12313,0.04998
14,0.97583,6.30643,54,0.3736,-0.12313,0.04998
14,0.97583,6.30643,55,0.3736,-0.12313,0.04998
14,0.97583,6.30643,56,0.3736,-0.12313,0.04998
14,0.97583,6.30643,57,0.3736,-0.12313,0.04998
14,0.97583,6.30643,58,0.3736,-0.12313,0.04998
14,0.97583,6.30643,59,0.37359,-0.12313,0.04998
14,0.97583,6.30643,60,0.37359,-0.12313,0.04998
14,0.97583,6.30643,61,0.37359,-0.12313,0.04998
14,0.97583,6.30643,62,0.37359,-0.12313,0.04998
14,0.97583,6.30643,63,0.37359,-0.12313,0.04998
14,0.97583,6.30643,64,0.37359,-0.12312,0.04998
14,0.97583,6.30643,65,0.37359,-0.12312,0.04998
14,0.97583,6.30643,66,0.37359,-0.12312,0.04998
14,0.97583,6.30643,67,0.37359,-0.12312,0.04998
15,0.97583,6.30643,1,0.32656,0.24468,0.44257
15,0.97583,6.30643,2,0.28631,0.33668,0.74579
15,0.97583,6.30643,3,0.25539,0.40735,0.93409
15,0.97583,6.30643,4,0.25539,0.40735,0.76839
15,0.97583,6.30643,5,0.25539,0.40736,0.59034
15,0.97583,6.30643,6,0.25539,0.40736,0.40011
15,0.97583,6.30643,7,0.25539,0.40737,0.1979
15,0.97583,6.30643,8,0.25606,0.40595,0.03313
15,0.97583,6.30643,9,0.26543,0.36923,0.15157
15,0.97583,6.30643,10,0.27474,0.33275,0.25551
15,0.97583,6.30643,11,0.284,0.29647,0.3451
15,0.97583,6.30643,12,0.29322,0.26037,0.42047
15,0.97583,6.30643,13,0.30239,0.22445,0.48172
15,0.97583,6.30643,14,0.31152,0.18867,0.52894
15,0.97583,6.30643,15,0.32062,0.15303,0.56222
15,0.97583,6.30643,16,0.32969,0.1175,0.58161
15,0.97583,6.30643,17,0.33873,0.08208,0.58716
15,0.97583,6.30643,18,0.34774,0.04677,0.57892
15,0.97583,6.30643,19,0.35673,0.01157,0.55693
15,0.97583,6.30643,20,0.36569,-0.0235,0.52123
15,0.97583,6.30643,21,0.37461,-0.05846,0.4719
15,0.97583,6.30643,22,0.3835,-0.09327,0.409
15,0.97583,6.30643,23,0.39234,-0.12792,0.33263
15,0.97583,6.30643,24,0.40114,-0.1624,0.24288
15,0.97583,6.30643,25,0.40989,-0.19668,0.13987
15,0.97583,6.30643,26,0.40933,-0.21336,0.10256
15,0.97583,6.30643,27,0.39721,-0.20825,0.15004
15,0.97583,6.30643,28,0.38512,-0.20316,0.1836
15,0.97583,6.30643,29,0.37307,-0.19808,0.20328
15,0.97583,6.30643,30,0.36105,-0.19302,0.20914
15,0.97583,6.30643,31,0.34905,-0.18796,0.2012
15,0.97583,6.30643,32,0.33708,-0.18292,0.1795
15,0.97583,6.30643,33,0.32514,-0.17789,0.14408
15,0.97583,6.30643,34,0.31324,-0.17288,0.095
15,0.97583,6.30643,35,0.31234,-0.1697,0.10417
15,0.97583,6.30643,36,0.31458,-0.16705,0.12003
15,0.97583,6.30643,37,0.31681,-0.16441,0.12209
15,0.97583,6.30643,38,0.31904,-0.16177,0.11035
15,0.97583,6.30643,39,0.32126,-0.15914,0.08486
15,0.97583,6.30643,40,0.33298,-0.15387,0.08509
15,0.97583,6.30643,41,0.34585,-0.14828,0.07647
15,0.97583,6.30643,42,0.35693,-0.14083,0.06435
15,0.97583,6.30643,43,0.365,-0.13287,0.05305
15,0.97583,6.30643,44,0.36906,-0.12702,0.05081
15,0.97583,6.30643,45,0.37212,-0.12372,0.04942
15,0.97583,6.30643,46,0.37373,-0.1232,0.04979
15,0.97583,6.30643,47,0.37365,-0.12318,0.0499
15,0.97583,6.30643,48,0.3736,-0.12317,0.04994
15,0.97583,6.30643,49,0.3736,-0.12315,0.04997
15,0.97583,6.30643,50,0.3736,-0.12314,0.04998
15,0.97583,6.30643,51,0.3736,-0.12314,0.04998
15,0.97583,6.30643,52,0.3736,-0.12313,0.04998
15,0.97583,6.30643,53,0.3736,-0.12313,0.04998
15,0.97583,6.30643,54,0.3736,-0.12313,0.04998
15,0.97583,6.30643,55,0.3736,-0.12313,0.04998
15,0.97583,6.30643,56,0.3736,-0.12313,0.04998
15,0.97583,6.30643,57,0.3736,-0.12313,0.04998
15,0.97583,6.30643,58,0.3736,-0.12313,0.04998
15,0.97583,6.30643,59,0.37359,-0.12313,0.04998
15,0.97583,6.30643,60,0.37359,-0.12313,0.04998
15,0.97583,6.30643,61,0.37359,-0.12313,0.04998
15,0.97583,6.30643,62,0.37359,-0.12313,0.04998
15,0.97583,6.30643,63,0.37359,-0.12313,0.04998
15,0.97583,6.30643,64,0.37359,-0.12312,0.04998
15,0.97583,6.30643,65,0.37359,-0.12312,0.04998
15,0.97583,6.30643,66,0.37359,-0.12312,0.04998
15,0.97583,6.30643,67,0.37359,-0.12312,0.04998
16,0.97583,6.30643,1,0.32656,0.24468,0.44257
16,0.97583,6.30643,2,0.28631,0.33668,0.74579
16,0.97583,6.30643,3,0.25539,0.40735,0.93409
16,0.97583,6.30643,4,0.25539,0.40735,0.76839
16,0.97583,6.30643,5,0.25539,0.40736,0.59034
16,0.97583,6.30643,6,0.25539,0.40736,0.40011
16,0.97583,6.30643,7,0.25539,0.40737,0.1979
16,0.97583,6.30643,8,0.25606,0.40595,0.03313
16,0.97583,6.30643,9,0.26543,0.36923,0.15157
16,0.97583,6.30643,10,0.27474,0.33275,0.25551
16,0.97583,6.30643,11,0.284,0.29647,0.3451
16,0.97583,6.30643,12,0.29322,0.26037,0.42047
16,0.97583,6.30643,13,0.30239,0.22445,0.48172
16,0.97583,6.30643,14,0.31152,0.18867,0.52894
16,0.97583,6.30643,15,0.32062,0.15303,0.56222
16,0.97583,6.30643,16,0.32969,0.1175,0.58161
16,0.97583,6.30643,17,0.33873,0.08208,0.58716
16,0.97583,6.30643,18,0.34774,0.04677,0.57892
16,0.97583,6.30643,19,0.35673,0.01157,0.55693
16,0.97583,6.30643,20,0.36569,-0.0235,0.52123
16,0.97583,6.30643,21,0.37461,-0.05846,0.4719
16,0.97583,6.30643,22,0.3835,-0.09327,0.409
16,0.97583,6.30643,23,0.39234,-0.12792,0.33263
16,0.97583,6.30643,24,0.40114,-0.1624,0.24288
16,0.97583,6.30643,25,0.40989,-0.19668,0.13987
16,0.97583,6.30643,26,0.40933,-0.21336,0.10256
16,0.97583,6.30643,27,0.39721,-0.20825,0.15004
16,0.97583,6.30643,28,0.38512,-0.20316,0.1836
16,0.97583,6.30643,29,0.37307,-0.19808,0.20328
16,0.97583,6.30643,30,0.36105,-0.19302,0.20914
16,0.97583,6.30643,31,0.34905,-0.18796,0.2012
16,0.97583,6.30643,32,0.33708,-0.18292,0.1795
16,0.97583,6.30643,33,0.32514,-0.17789,0.14408
16,0.97583,6.30643,34,0.31324,-0.17288,0.095
16,0.97583,6.30643,35,0.31234,-0.1697,0.10417
16,0.97583,6.30643,36,0.31458,-0.16705,0.12003
16,0.97583,6.30643,37,0.31681,-0.16441,0.12209
16,0.97583,6.30643,38,0.31904,-0.16177,0.11035
16,0.97583,6.30643,39,0.32126,-0.15914,0.08486
16,0.97583,6.30643,40,0.33298,-0.15387,0.08509
16,0.97583,6.30643,41,0.34585,-0.14828,0.07647
16,0.97583,6.30643,42,0.35693,-0.14083,0.06435
16,0.97583,6.30643,43,0.365,-0.13287,0.05305
16,0.97583,6.30643,44,0.36906,-0.12702,0.05081
16,0.97583,6.30643,45,0.37212,-0.12372,0.04942
16,0.97583,6.30643,46,0.37373,-0.1232,0.04979
16,0.97583,6.30643,47,0.37365,-0.12318,0.0499
16,0.97583,6.30643,48,0.3736,-0.12317,0.04994
16,0.97583,6.30643,49,0.3736,-0.12315,0.04997
16,0.97583,6.30643,50,0.3736,-0.12314,0.04998
16,0.97583,6.30643,51,0.3736,-0.12314,0.04998
16,0.97583,6.30643,52,0.3736,-0.12313,0.04998
16,0.97583,6.30643,53,0.3736,-0.12313,0.04998
16,0.97583,6.30643,54,0.3736,-0.12313,0.04998
16,0.97583,6.30643,55,0.3736,-0.12313,0.04998
16,0.97583,6.30643,56,0.3736,-0.12313,0.04998
16,0.97583,6.30643,57,0.3736,-0.12313,0.04998
16,0.97583,6.30643,58,0.3736,-0.12313,0.04998
16,0.97583,6.30643,59,0.37359,-0.12313,0.04998
16,0.97583,6.30643,60,0.37359,-0.12313,0.04998
16,0.97583,6.30643,61,0.37359,-0.12313,0.04998
16,0.97583,6.30643,62,0.37359,-0.12313,0.04998
16,0.97583,6.30643,63,0.37359,-0.12313,0.04998
16,0.97583,6.30643,64,0.37359,-0.12312,0.04998
16,0.97583,6.30643,65,0.37359,-0.12312,0.04998
16,0.97583,6.30643,66,0.37359,-0.12312,0.04998
16,0.97583,6.30643,67,0.37359,-0.12312,0.04998
17,0.97583,6.30643,1,0.32656,0.24468,0.44257
17,0.97583,6.30643,2,0.28631,0.33668,0.74579
17,0.97583,6.30643,3,0.25539,0.40735,0.93409
17,0.97583,6.30643,4,0.25539,0.40735,0.76839
17,0.97583,6.30643,5,0.25539,0.40736,0.59034
17,0.97583,6.30643,6,0.25539,0.40736,0.40011
17,0.97583,6.30643,7,0.25539,0.40737,0.1979
17,0.97583,6.30643,8,0.25606,0.40595,0.03313
17,0.97583,6.30643,9,0.26543,0.36923,0.15157
17,0.97583,6.30643,10,0.27474,0.33275,0.25551
17,0.97583,6.30643,11,0.284,0.29647,0.3451
17,0.97583,6.30643,12,0.29322,0.26037,0.42047
17,0.97583,6.30643,13,0.30239,0.22445,0.48172
17,0.97583,6.30643,14,0.31152,0.18867,0.52894
17,0.97583,6.30643,15,0.32062,0.15303,0.56222
17,0.97583,6.30643,16,0.32969,0.1175,0.58161
17,0.97583,6.30643,17,0.33873,0.08208,0.58716
17,0.97583,6.30643,18,0.34774,0.04677,0.57892
17,0.97583,6.30643,19,0.35673,0.01157,0.55693
17,0.97583,6.30643,20,0.36569,-0.0235,0.52123
17,0.97583,6.30643,21,0.37461,-0.05846,0.4719
17,0.97583,6.30643,22,0.3835,-0.09327,0.409
17,0.97583,6.30643,23,0.39234,-0.12792,0.33263
17,0.97583,6.30643,24,0.40114,-0.1624,0.24288
17,0.97583,6.30643,25,0.40989,-0.19668,0.13987
17,0.97583,6.30643,26,0.40933,-0.21336,0.10256
17,0.97583,6.30643,27,0.39721,-0.20825,0.15004
17,0.97583,6.30643,28,0.38512,-0.20316,0.1836
17,0.97583,6.30643,29,0.37307,-0.19808,0.20328
17,0.97583,6.30643,30,0.36105,-0.19302,0.20914
17,0.97583,6.30643,31,0.34905,-0.18796,0.2012
17,0.97583,6.30643,32,0.33708,-0.18292,0.1795
17,0.97583,6.30643,33,0.32514,-0.17789,0.14408
17,0.97583,6.30643,34,0.31324,-0.17288,0.095
17,0.97583,6.30643,35,0.31234,-0.1697,0.10417
17,0.97583,6.30643,36,0.31458,-0.16705,0.12003
17,0.97583,6.30643,37,0.31681,-0.16441,0.12209
17,0.97583,6.30643,38,0.31904,-0.16177,0.11035
17,0.97583,6.30643,39,0.32126,-0.15914,0.08486
17,0.97583,6.30643,40,0.33298,-0.15387,0.08509
17,0.97583,6.30643,41,0.34585,-0.14828,0.07647
17,0.97583,6.30643,42,0.35693,-0.14083,0.06435
17,0.97583,6.30643,43,0.365,-0.13287,0.05305
17,0.97583,6.30643,44,0.36906,-0.12702,0.05081
17,0.97583,6.30643,45,0.37212,-0.12372,0.04942
17,0.97583,6.30643,46,0.37373,-0.1232,0.04979
17,0.97583,6.30643,47,0.37365,-0.12318,0.0499
17,0.97583,6.30643,48,0.3736,-0.12317,0.04994
17,0.97583,6.30643,49,0.3736,-0.12315,0.04997
17,0.97583,6.30643,50,0.3736,-0.12314,0.04998
17,0.97583,6.30643,51,0.3736,-0.12314,0.04998
17,0.97583,6.30643,52,0.3736,-0.12313,0.04998
17,0.97583,6.30643,53,0.3736,-0.12313,0.04998
17,0.97583,6.30643,54,0.3736,-0.12313,0.04998
17,0.97583,6.30643,55,0.3736,-0.12313,0.04998
17,0.97583,6.30643,56,0.3736,-0.12313,0.04998
17,0.97583,6.30643,57,0.3736,-0.12313,0.04998
17,0.97583,6.30643,58,0.3736,-0.12313,0.04998
17,0.97583,6.30643,59,0.37359,-0.12313,0.04998
17,0.97583,6.30643,60,0.37359,-0.12313,0.04998
17,0.97583,6.30643,61,0.37359,-0.12313,0.04998
17,0.97583,6.30643,62,0.37359,-0.12313,0.04998
17,0.97583,6.30643,63,0.37359,-0.12313,0.04998
17,0.97583,6.30643,64,0.37359,-0.12312,0.04998
17,0.97583,6.30643,65,0.37359,-0.12312,0.04998
17,0.97583,6.30643,66,0.37359,-0.12312,0.04998
17,0.97583,6.30643,67,0.37359,-0.12312,0.04998
18,0.97583,6.30643,1,0.32656,0.24468,0.44257
18,0.97583,6.30643,2,0.28631,0.33668,0.74579
18,0.97583,6.30643,3,0.25539,0.40735,0.93409
18,0.97583,6.30643,4,0.25539,0.40735,0.76839
18,0.97583,6.30643,5,0.25539,0.40736,0.59034
18,0.97583,6.30643,6,0.25539,0.40736,0.40011
18,0.97583,6.30643,7,0.25539,0.40737,0.1979
18,0.97583,6.30643,8,0.25606,0.40595,0.03313
18,0.97583,6.30643,9,0.26543,0.36923,0.15157
18,0.97583,6.30643,10,0.27474,0.33275,0.25551
18,0.97583,6.30643,11,0.284,0.29647,0.3451
18,0.97583,6.30643,12,0.29322,0.26037,0.42047
18,0.97583,6.30643,13,0.30239,0.22445,0.48172
18,0.97583,6.30643,14,0.31152,0.18867,0.52894
18,0.97583,6.30643,15,0.32062,0.15303,0.56222
18,0.97583,6.30643,16,0.32969,0.1175,0.58161
18,0.97583,6.30643,17,0.33873,0.08208,0.58716
18,0.97583,6.30643,18,0.34774,0.04677,0.57892
18,0.97583,6.30643,19,0.35673,0.01157,0.55693
18,0.97583,6.30643,20,0.36569,-0.0235,0.52123
18,0.97583,6.30643,21,0.37461,-0.05846,0.4719
18,0.97583,6.30643,22,0.3835,-0.09327,0.409
18,0.97583,6.30643,23,0.39234,-0.12792,0.33263
18,0.97583,6.30643,24,0.40114,-0.1624,0.24288
18,0.97583,6.30643,25,0.40989,-0.19668,0.13987
18,0.97583,6.30643,26,0.40933,-0.21336,0.10256
18,0.97583,6.30643,27,0.39721,-0.20825,0.15004
18,0.97583,6.30643,28,0.38512,-0.20316,0.1836
18,0.97583,6.30643,29,0.37307,-0.19808,0.20328
18,0.97583,6.30643,30,0.36105,-0.19302,0.20914
18,0.97583,6.30643,31,0.34905,-0.18796,0.2012
18,0.97583,6.30643,32,0.33708,-0.18292,0.1795
18,0.97583,6.30643,33,0.32514,-0.17789,0.14408
18,0.97583,6.30643,34,0.31324,-0.17288,0.095
18,0.97583,6.30643,35,0.31234,-0.1697,0.10417
18,0.97583,6.30643,36,0.31458,-0.16705,0.12003
18,0.97583,6.30643,37,0.31681,-0.16441,0.12209
18,0.97583,6.30643,38,0.31904,-0.16177,0.11035
18,0.97583,6.30643,39,0.32126,-0.15914,0.08486
18,0.97583,6.30643,40,0.33298,-0.15387,0.08509
18,0.97583,6.30643,41,0.34585,-0.14828,0.07647
18,0.97583,6.30643,42,0.35693,-0.14083,0.06435
18,0.97583,6.30643,43,0.365,-0.13287,0.05305
18,0.97583,6.30643,44,0.36906,-0.12702,0.05081
18,0.97583,6.30643,45,0.37212,-0.12372,0.04942
18,0.97583,6.30643,46,0.37373,-0.1232,0.04979
18,0.97583,6.30643,47,0.37365,-0.12318,0.0499
18,0.97583,6.30643,48,0.3736,-0.12317,0.04994
18,0.97583,6.30643,49,0.3736,-0.12315,0.04997
18,0.97583,6.30643,50,0.3736,-0.12314,0.04998
18,0.97583,6.30643,51,0.3736,-0.12314,0.04998
18,0.97583,6.30643,52,0.3736,-0.12313,0.04998
18,0.97583,6.30643,53,0.3736,-0.12313,0.04998
18,0.97583,6.30643,54,0.3736,-0.12313,0.04998
18,0.97583,6.30643,55,0.3736,-0.12313,0.04998
18,0.97583,6.30643,56,0.3736,-0.12313,0.04998
18,0.97583,6.30643,57,0.3736,-0.12313,0.04998
18,0.97583,6.30643,58,0.3736,-0.12313,0.04998
18,0.97583,6.30643,59,0.37359,-0.12313,0.04998
18,0.97583,6.30643,60,0.37359,-0.12313,0.04998
18,0.97583,6.30643,61,0.37359,-0.12313,0.04998
18,0.97583,6.30643,62,0.37359,-0.12313,0.04998
18,0.97583,6.30643,63,0.37359,-0.12313,0.04998
18,0.97583,6.30643,64,0.37359,-0.12312,0.04998
18,0.97583,6.30643,65,0.37359,-0.12312,0.04998
18,0.97583,6.30643,66,0.37359,-0.12312,0.04998
18,0.97583,6.30643,67,0.37359,-0.12312,0.04998
19,0.97714,-7.89132,1,0.32656,0.24468,0.44257
19,0.97714,-7.89132,2,0.28631,0.33668,0.74579
19,0.97714,-7.89132,3,0.25539,0.40735,0.93405
19,0.97714,-7.89132,4,0.25539,0.40735,0.76817
19,0.97714,-7.89132,5,0.25539,0.40736,0.58994
19,0.97714,-7.89132,6,0.25539,0.40736,0.39953
19,0.97714,-7.89132,7,0.25539,0.40737,0.19716
19,0.97714,-7.89132,8,0.25606,0.40593,0.03241
19,0.97714,-7.89132,9,0.26549,0.36903,0.15205
19,0.97714,-7.89132,10,0.27485,0.33235,0.25719
19,0.97714,-7.89132,11,0.28416,0.29589,0.34796
19,0.97714,-7.89132,12,0.29342,0.25961,0.42451
19,0.97714,-7.89132,13,0.30264,0.22351,0.48692
19,0.97714,-7.89132,14,0.31182,0.18755,0.5353
19,0.97714,-7.89132,15,0.32097,0.15173,0.56973
19,0.97714,-7.89132,16,0.33009,0.11603,0.59027
19,0.97714,-7.89132,17,0.33917,0.08045,0.59696
19,0.97714,-7.89132,18,0.34823,0.04496,0.58986
19,0.97714,-7.89132,19,0.35727,0.00959,0.56901
19,0.97714,-7.89132,20,0.36627,-0.02566,0.53445
19,0.97714,-7.89132,21,0.37524,-0.06079,0.48624
19,0.97714,-7.89132,22,0.38417,-0.09577,0.42447
19,0.97714,-7.89132,23,0.39306,-0.13059,0.34921
19,0.97714,-7.89132,24,0.40191,-0.16524,0.26056
19,0.97714,-7.89132,25,0.41071,-0.1997,0.15865
19,0.97714,-7.89132,26,0.41281,-0.22186,0.09876
19,0.97714,-7.89132,27,0.40162,-0.21979,0.13558
19,0.97714,-7.89132,28,0.39046,-0.21772,0.15851
19,0.97714,-7.89132,29,0.37933,-0.21565,0.1676
19,0.97714,-7.89132,30,0.36823,-0.21359,0.16289
19,0.97714,-7.89132,31,0.35714,-0.21154,0.14442
19,0.97714,-7.89132,32,0.34609,-0.20949,0.11221
19,0.97714,-7.89132,33,0.33492,-0.20848,0.07048
19,0.97714,-7.89132,34,0.31728,-0.21066,0.07788
19,0.97714,-7.89132,35,0.29968,-0.21283,0.07148
19,0.97714,-7.89132,36,0.28462,-0.21368,0.06542
19,0.97714,-7.89132,37,0.27276,-0.21411,0.06219
19,0.97714,-7.89132,38,0.26187,-0.21529,0.05039
19,0.97714,-7.89132,39,0.25234,-0.21858,0.05228
19,0.97714,-7.89132,40,0.24488,-0.22068,0.05037
19,0.97714,-7.89132,41,0.24025,-0.2212,0.05002
19,0.97714,-7.89132,42,0.23729,-0.22058,0.04939
19,0.97714,-7.89132,43,0.23676,-0.21973,0.04976
19,0.97714,-7.89132,44,0.23672,-0.21992,0.04988
19,0.97714,-7.89132,45,0.2367,-0.21997,0.04993
19,0.97714,-7.89132,46,0.23668,-0.21999,0.04996
19,0.97714,-7.89132,47,0.23668,-0.22,0.04997
19,0.97714,-7.89132,48,0.23667,-0.22001,0.04998
19,0.97714,-7.89132,49,0.23667,-0.22001,0.04998
19,0.97714,-7.89132,50,0.23667,-0.22001,0.04998
19,0.97714,-7.89132,51,0.23667,-0.22001,0.04998
19,0.97714,-7.89132,52,0.23667,-0.22001,0.04998
19,0.97714,-7.89132,53,0.23667,-0.22001,0.04998
19,0.97714,-7.89132,54,0.23667,-0.22001,0.04998
19,0.97714,-7.89132,55,0.23667,-0.22001,0.04998
19,0.97714,-7.89132,56,0.23667,-0.22001,0.04998
19,0.97714,-7.89132,57,0.23667,-0.22001,0.04998
19,0.97714,-7.89132,58,0.23667,-0.22001,0.04998
19,0.97714,-7.89132,59,0.23667,-0.22001,0.04998
19,0.97714,-7.89132,60,0.23667,-0.22001,0.04998
19,0.97714,-7.89132,61,0.23667,-0.22001,0.04998
19,0.97714,-7.89132,62,0.23667,-0.22001,0.04998
19,0.97714,-7.89132,63,0.23667,-0.22001,0.04998
19,0.97714,-7.89132,64,0.23667,-0.22001,0.04998
19,0.97714,-7.89132,65,0.23667,-0.22001,0.04998
19,0.97714,-7.89132,66,0.23667,-0.22001,0.04998
19,0.97714,-7.89132,67,0.23667,-0.22001,0.04998
20,0.97583,6.30643,1,0.32656,0.24468,0.44257
20,0.97583,6.30643,2,0.28631,0.33668,0.74579
20,0.97583,6.30643,3,0.25539,0.40735,0.93409
20,0.97583,6.30643,4,0.25539,0.40735,0.76839
20,0.97583,6.30643,5,0.25539,0.40736,0.59034
20,0.97583,6.30643,6,0.25539,0.40736,0.40011
20,0.97583,6.30643,7,0.25539,0.40737,0.1979
20,0.97583,6.30643,8,0.25606,0.40595,0.03313
20,0.97583,6.30643,9,0.26543,0.36923,0.15157
20,0.97583,6.30643,10,0.27474,0.33275,0.25551
20,0.97583,6.30643,11,0.284,0.29647,0.3451
20,0.97583,6.30643,12,0.29322,0.26037,0.42047
20,0.97583,6.30643,13,0.30239,0.22445,0.48172
20,0.97583,6.30643,14,0.31152,0.18867,0.52894
20,0.97583,6.30643,15,0.32062,0.15303,0.56222
20,0.97583,6.30643,16,0.32969,0.1175,0.58161
20,0.97583,6.30643,17,0.33873,0.08208,0.58716
20,0.97583,6.30643,18,0.34774,0.04677,0.57892
20,0.97583,6.30643,19,0.35673,0.01157,0.55693
20,0.97583,6.30643,20,0.36569,-0.0235,0.52123
20,0.97583,6.30643,21,0.37461,-0.05846,0.4719
20,0.97583,6.30643,22,0.3835,-0.09327,0.409
20,0.97583,6.30643,23,0.39234,-0.12792,0.33263
20,0.97583,6.30643,24,0.40114,-0.1624,0.24288
20,0.97583,6.30643,25,0.40989,-0.19668,0.13987
20,0.97583,6.30643,26,0.40933,-0.21336,0.10256
20,0.97583,6.30643,27,0.39721,-0.20825,0.15004
20,0.97583,6.30643,28,0.38512,-0.20316,0.1836
20,0.97583,6.30643,29,0.37307,-0.19808,0.20328
20,0.97583,6.30643,30,0.36105,-0.19302,0.20914
20,0.97583,6.30643,31,0.34905,-0.18796,0.2012
20,0.97583,6.30643,32,0.33708,-0.18292,0.1795
20,0.97583,6.30643,33,0.32514,-0.17789,0.14408
20,0.97583,6.30643,34,0.31324,-0.17288,0.095
20,0.97583,6.30643,35,0.31234,-0.1697,0.10417
20,0.97583,6.30643,36,0.31458,-0.16705,0.12003
20,0.97583,6.30643,37,0.31681,-0.16441,0.12209
20,0.97583,6.30643,38,0.31904,-0.16177,0.11035
20,0.97583,6.30643,39,0.32126,-0.15914,0.08486
20,0.97583,6.30643,40,0.33298,-0.15387,0.08509
20,0.97583,6.30643,41,0.34585,-0.14828,0.07647
20,0.97583,6.30643,42,0.35693,-0.14083,0.06435
20,0.97583,6.30643,43,0.365,-0.13287,0.05305
20,0.97583,6.30643,44,0.36906,-0.12702,0.05081
20,0.97583,6.30643,45,0.37212,-0.12372,0.04942
20,0.97583,6.30643,46,0.37373,-0.1232,0.04979
20,0.97583,6.30643,47,0.37365,-0.12318,0.0499
20,0.97583,6.30643,48,0.3736,-0.12317,0.04994
20,0.97583,6.30643,49,0.3736,-0.12315,0.04997
20,0.97583,6.30643,50,0.3736,-0.12314,0.04998
20,0.97583,6.30643,51,0.3736,-0.12314,0.04998
20,0.97583,6.30643,52,0.3736,-0.12313,0.04998
20,0.97583,6.30643,53,0.3736,-0.12313,0.04998
20,0.97583,6.30643,54,0.3736,-0.12313,0.04998
20,0.97583,6.30643,55,0.3736,-0.12313,0.04998
20,0.97583,6.30643,56,0.3736,-0.12313,0.04998
20,0.97583,6.30643,57,0.3736,-0.12313,0.04998
20,0.97583,6.30643,58,0.3736,-0.12313,0.04998
20,0.97583,6.30643,59,0.37359,-0.12313,0.04998
20,0.97583,6.30643,60,0.37359,-0.12313,0.04998
20,0.97583,6.30643,61,0.37359,-0.12313,0.04998
20,0.97583,6.30643,62,0.37359,-0.12313,0.04998
20,0.97583,6.30643,63,0.37359,-0.12313,0.04998
20,0.97583,6.30643,64,0.37359,-0.12312,0.04998
20,0.97583,6.30643,65,0.37359,-0.12312,0.04998
20,0.97583,6.30643,66,0.37359,-0.12312,0.04998
20,0.97583,6.30643,67,0.37359,-0.12312,0.04998
