particle,elasticity,weight,frame,x,y,z
1,0.35773,9.84529,1,-0.03908,-0.38785,0.15883
1,0.35773,9.84529,2,-0.01831,-0.35764,0.24056
1,0.35773,9.84529,3,0.00235,-0.32758,0.30787
1,0.35773,9.84529,4,0.02294,-0.29764,0.36084
1,0.35773,9.84529,5,0.04344,-0.26782,0.39957
1,0.35773,9.84529,6,0.06387,-0.23811,0.42413
1,0.35773,9.84529,7,0.08424,-0.20849,0.43456
1,0.35773,9.84529,8,0.10455,-0.17895,0.43092
1,0.35773,9.84529,9,0.12479,-0.14951,0.41325
1,0.35773,9.84529,10,0.14497,-0.12016,0.3816
1,0.35773,9.84529,11,0.16508,-0.09091,0.33601
1,0.35773,9.84529,12,0.18511,-0.06178,0.27658
1,0.35773,9.84529,13,0.20505,-0.03278,0.20337
1,0.35773,9.84529,14,0.22489,-0.00393,0.1165
1,0.35773,9.84529,15,0.24424,0.00546,0.10784
1,0.35773,9.84529,16,0.26343,0.00932,0.11138
1,0.35773,9.84529,17,0.28258,0.01317,0.10086
1,0.35773,9.84529,18,0.30153,0.01699,0.09998
1,0.35773,9.84529,19,0.32039,0.02078,0.09998
1,0.35773,9.84529,20,0.33917,0.02456,0.09998
1,0.35773,9.84529,21,0.35785,0.02832,0.09998
1,0.35773,9.84529,22,0.37645,0.03206,0.09998
1,0.35773,9.84529,23,0.39001,0.03626,0.10009
1,0.35773,9.84529,24,0.39001,0.04153,0.09998
1,0.35773,9.84529,25,0.39001,0.04675,0.09998
1,0.35773,9.84529,26,0.39,0.05196,0.09998
1,0.35773,9.84529,27,0.39,0.05716,0.09998
1,0.35773,9.84529,28,0.39,0.06234,0.09998
2,0.33578,6.73462,1,-0.03908,-0.38805,0.15491
2,0.33578,6.73462,2,-0.0183,-0.35964,0.23377
2,0.33578,6.73462,3,0.00236,-0.33136,0.29823
2,0.33578,6.73462,4,0.02295,-0.30319,0.34838
2,0.33578,6.73462,5,0.04347,-0.27514,0.38431
2,0.33578,6.73462,6,0.06391,-0.24717,0.40607
2,0.33578,6.73462,7,0.08429,-0.21929,0.41372
2,0.33578,6.73462,8,0.10462,-0.19149,0.4073
2,0.33578,6.73462,9,0.12488,-0.16378,0.38686
2,0.33578,6.73462,10,0.14508,-0.13615,0.35245
2,0.33578,6.73462,11,0.1652,-0.10863,0.30412
2,0.33578,6.73462,12,0.18524,-0.08121,0.24195
2,0.33578,6.73462,13,0.2052,-0.05392,0.16603
2,0.33578,6.73462,14,0.22495,-0.03215,0.10127
2,0.33578,6.73462,15,0.24432,-0.02926,0.10943
2,0.33578,6.73462,16,0.26364,-0.02637,0.10353
2,0.33578,6.73462,17,0.28282,-0.02351,0.09999
2,0.33578,6.73462,18,0.30188,-0.02066,0.09998
2,0.33578,6.73462,19,0.32085,-0.01783,0.09998
2,0.33578,6.73462,20,0.33973,-0.01501,0.09998
2,0.33578,6.73462,21,0.35853,-0.0122,0.09999
2,0.33578,6.73462,22,0.37723,-0.00941,0.09998
2,0.33578,6.73462,23,0.38966,-0.00595,0.10034
2,0.33578,6.73462,24,0.39001,-0.00135,0.09998
2,0.33578,6.73462,25,0.39001,0.00321,0.09998
2,0.33578,6.73462,26,0.39,0.00777,0.09998
2,0.33578,6.73462,27,0.39,0.01231,0.09998
2,0.33578,6.73462,28,0.39,0.01685,0.09998
3,0.38479,9.58574,1,-0.03908,-0.3876,0.16367
3,0.38479,9.58574,2,-0.01831,-0.35518,0.24893
3,0.38479,9.58574,3,0.00234,-0.32292,0.31974
3,0.38479,9.58574,4,0.02292,-0.2908,0.37619
3,0.38479,9.58574,5,0.04341,-0.25882,0.41838
3,0.38479,9.58574,6,0.06382,-0.22695,0.44637
3,0.38479,9.58574,7,0.08417,-0.19518,0.46024
3,0.38479,9.58574,8,0.10446,-0.16351,0.46001
3,0.38479,9.58574,9,0.12468,-0.13194,0.44574
3,0.38479,9.58574,10,0.14485,-0.10047,0.41748
3,0.38479,9.58574,11,0.16494,-0.06911,0.37528
3,0.38479,9.58574,12,0.18495,-0.03787,0.31921
3,0.38479,9.58574,13,0.20487,-0.00677,0.24934
3,0.38479,9.58574,14,0.22469,0.02417,0.16579
3,0.38479,9.58574,15,0.24423,0.04692,0.10078
3,0.38479,9.58574,16,0.26324,0.05206,0.09999
3,0.38479,9.58574,17,0.28216,0.05707,0.09999
3,0.38479,9.58574,18,0.301,0.06206,0.09999
3,0.38479,9.58574,19,0.31974,0.06703,0.09998
3,0.38479,9.58574,20,0.3384,0.07197,0.09998
3,0.38479,9.58574,21,0.35697,0.0769,0.09998
3,0.38479,9.58574,22,0.37545,0.08179,0.09998
3,0.38479,9.58574,23,0.38967,0.08702,0.10034
3,0.38479,9.58574,24,0.39001,0.0933,0.09998
3,0.38479,9.58574,25,0.39001,0.09956,0.09998
3,0.38479,9.58574,26,0.39,0.1058,0.09998
3,0.38479,9.58574,27,0.39,0.11202,0.09998
3,0.38479,9.58574,28,0.39,0.11822,0.09998
4,0.37793,10.05089,1,-0.03908,-0.38766,0.16244
4,0.37793,10.05089,2,-0.01831,-0.3558,0.24681
4,0.37793,10.05089,3,0.00235,-0.3241,0.31673
4,0.37793,10.05089,4,0.02292,-0.29254,0.3723
4,0.37793,10.05089,5,0.04341,-0.2611,0.41361
4,0.37793,10.05089,6,0.06383,-0.22978,0.44074
4,0.37793,10.05089,7,0.08419,-0.19855,0.45373
4,0.37793,10.05089,8,0.10448,-0.16743,0.45264
4,0.37793,10.05089,9,0.12471,-0.13639,0.43751
4,0.37793,10.05089,10,0.14488,-0.10546,0.40839
4,0.37793,10.05089,11,0.16497,-0.07463,0.36533
4,0.37793,10.05089,12,0.18499,-0.04393,0.3084
4,0.37793,10.05089,13,0.20492,-0.01336,0.2377
4,0.37793,10.05089,14,0.22475,0.01705,0.1533
4,0.37793,10.05089,15,0.24421,0.03599,0.10561
4,0.37793,10.05089,16,0.2633,0.04073,0.10685
4,0.37793,10.05089,17,0.28229,0.04545,0.09999
4,0.37793,10.05089,18,0.30115,0.05014,0.09999
4,0.37793,10.05089,19,0.31993,0.05481,0.09999
4,0.37793,10.05089,20,0.33861,0.05945,0.09998
4,0.37793,10.05089,21,0.35721,0.06407,0.09998
4,0.37793,10.05089,22,0.37572,0.06867,0.09998
4,0.37793,10.05089,23,0.38979,0.07363,0.10018
4,0.37793,10.05089,24,0.39001,0.07964,0.09998
4,0.37793,10.05089,25,0.39001,0.08561,0.09998
4,0.37793,10.05089,26,0.39,0.09156,0.09998
4,0.37793,10.05089,27,0.39,0.0975,0.09998
4,0.37793,10.05089,28,0.39,0.10342,0.09998
5,0.39705,7.55861,1,-0.03908,-0.38748,0.16586
5,0.39705,7.55861,2,-0.01831,-0.35406,0.25272
5,0.39705,7.55861,3,0.00234,-0.32081,0.32512
5,0.39705,7.55861,4,0.02291,-0.28771,0.38314
5,0.39705,7.55861,5,0.04339,-0.25474,0.4269
5,0.39705,7.55861,6,0.0638,-0.2219,0.45645
5,0.39705,7.55861,7,0.08414,-0.18916,0.47186
5,0.39705,7.55861,8,0.10442,-0.15652,0.47318
5,0.39705,7.55861,9,0.12463,-0.12399,0.46046
5,0.39705,7.55861,10,0.14479,-0.09156,0.43373
5,0.39705,7.55861,11,0.16487,-0.05924,0.39305
5,0.39705,7.55861,12,0.18487,-0.02705,0.3385
5,0.39705,7.55861,13,0.20478,0.00499,0.27016
5,0.39705,7.55861,14,0.2246,0.03688,0.18811
5,0.39705,7.55861,15,0.24431,0.06861,0.09247
5,0.39705,7.55861,16,0.26327,0.07424,0.11208
5,0.39705,7.55861,17,0.28218,0.07985,0.1176
5,0.39705,7.55861,18,0.30105,0.08546,0.10906
5,0.39705,7.55861,19,0.31978,0.09102,0.09999
5,0.39705,7.55861,20,0.33836,0.09654,0.09999
5,0.39705,7.55861,21,0.35685,0.10203,0.09999
5,0.39705,7.55861,22,0.37526,0.10749,0.09998
5,0.39705,7.55861,23,0.38969,0.11324,0.10039
5,0.39705,7.55861,24,0.39001,0.11995,0.09998
5,0.39705,7.55861,25,0.39001,0.12661,0.09998
5,0.39705,7.55861,26,0.39,0.13326,0.09998
5,0.39705,7.55861,27,0.39,0.13988,0.09998
5,0.39705,7.55861,28,0.39,0.14649,0.09998
6,0.35652,9.78763,1,-0.03908,-0.38786,0.15861
6,0.35652,9.78763,2,-0.01831,-0.35775,0.24019
6,0.35652,9.78763,3,0.00235,-0.32778,0.30733
6,0.35652,9.78763,4,0.02294,-0.29795,0.36015
6,0.35652,9.78763,5,0.04344,-0.26823,0.39873
6,0.35652,9.78763,6,0.06387,-0.23861,0.42313
6,0.35652,9.78763,7,0.08424,-0.20909,0.43341
6,0.35652,9.78763,8,0.10455,-0.17965,0.42962
6,0.35652,9.78763,9,0.1248,-0.1503,0.41179
6,0.35652,9.78763,10,0.14498,-0.12104,0.37998
6,0.35652,9.78763,11,0.16509,-0.09189,0.33425
6,0.35652,9.78763,12,0.18512,-0.06286,0.27466
6,0.35652,9.78763,13,0.20506,-0.03395,0.2013
6,0.35652,9.78763,14,0.2249,-0.00519,0.11428
6,0.35652,9.78763,15,0.24426,0.00414,0.10683
6,0.35652,9.78763,16,0.26345,0.00795,0.11195
6,0.35652,9.78763,17,0.28259,0.01176,0.10301
6,0.35652,9.78763,18,0.30156,0.01553,0.09999
6,0.35652,9.78763,19,0.32043,0.01928,0.09999
6,0.35652,9.78763,20,0.3392,0.02301,0.09998
6,0.35652,9.78763,21,0.35789,0.02672,0.09998
6,0.35652,9.78763,22,0.3765,0.03042,0.09998
6,0.35652,9.78763,23,0.39001,0.03458,0.1001
6,0.35652,9.78763,24,0.39001,0.03982,0.09998
6,0.35652,9.78763,25,0.39001,0.04501,0.09998
6,0.35652,9.78763,26,0.39,0.05018,0.09998
6,0.35652,9.78763,27,0.39,0.05534,0.09998
6,0.35652,9.78763,28,0.39,0.06049,0.09998
7,0.37246,10.29418,1,-0.03908,-0.38771,0.16146
7,0.37246,10.29418,2,-0.01831,-0.3563,0.24512
7,0.37246,10.29418,3,0.00235,-0.32504,0.31433
7,0.37246,10.29418,4,0.02292,-0.29392,0.3692
7,0.37246,10.29418,5,0.04342,-0.26292,0.40981
7,0.37246,10.29418,6,0.06384,-0.23204,0.43624
7,0.37246,10.29418,7,0.0842,-0.20125,0.44854
7,0.37246,10.29418,8,0.1045,-0.17055,0.44676
7,0.37246,10.29418,9,0.12473,-0.13994,0.43094
7,0.37246,10.29418,10,0.1449,-0.10944,0.40113
7,0.37246,10.29418,11,0.165,-0.07904,0.35739
7,0.37246,10.29418,12,0.18502,-0.04876,0.29978
7,0.37246,10.29418,13,0.20495,-0.01862,0.2284
7,0.37246,10.29418,14,0.22479,0.01136,0.14333
7,0.37246,10.29418,15,0.24421,0.02715,0.10374
7,0.37246,10.29418,16,0.2633,0.03164,0.10002
7,0.37246,10.29418,17,0.28228,0.0361,0.09999
7,0.37246,10.29418,18,0.30117,0.04054,0.09999
7,0.37246,10.29418,19,0.31998,0.04497,0.09999
7,0.37246,10.29418,20,0.33869,0.04937,0.09998
7,0.37246,10.29418,21,0.35732,0.05375,0.09998
7,0.37246,10.29418,22,0.37586,0.05811,0.09998
7,0.37246,10.29418,23,0.38984,0.06284,0.1001
7,0.37246,10.29418,24,0.39001,0.06864,0.09998
7,0.37246,10.29418,25,0.39001,0.0744,0.09998
7,0.37246,10.29418,26,0.39,0.08014,0.09998
7,0.37246,10.29418,27,0.39,0.08587,0.09998
7,0.37246,10.29418,28,0.39,0.09158,0.09998
8,0.36136,10.09798,1,-0.03908,-0.38782,0.15948
8,0.36136,10.09798,2,-0.01831,-0.35731,0.24168
8,0.36136,10.09798,3,0.00235,-0.32695,0.30946
8,0.36136,10.09798,4,0.02293,-0.29673,0.3629
8,0.36136,10.09798,5,0.04343,-0.26662,0.40209
8,0.36136,10.09798,6,0.06386,-0.23661,0.42711
8,0.36136,10.09798,7,0.08423,-0.2067,0.438
8,0.36136,10.09798,8,0.10453,-0.17688,0.43482
8,0.36136,10.09798,9,0.12478,-0.14715,0.41761
8,0.36136,10.09798,10,0.14496,-0.11752,0.3864
8,0.36136,10.09798,11,0.16506,-0.08799,0.34127
8,0.36136,10.09798,12,0.18509,-0.05858,0.28229
8,0.36136,10.09798,13,0.20503,-0.0293,0.20953
8,0.36136,10.09798,14,0.22487,-0.00016,0.12311
8,0.36136,10.09798,15,0.24422,0.00991,0.09999
8,0.36136,10.09798,16,0.26334,0.0139,0.09998
8,0.36136,10.09798,17,0.28238,0.01787,0.09998
8,0.36136,10.09798,18,0.30132,0.02182,0.09998
8,0.36136,10.09798,19,0.32018,0.02575,0.09998
8,0.36136,10.09798,20,0.33895,0.02967,0.09998
8,0.36136,10.09798,21,0.35763,0.03356,0.09998
8,0.36136,10.09798,22,0.37622,0.03744,0.09998
8,0.36136,10.09798,23,0.38999,0.04175,0.10004
8,0.36136,10.09798,24,0.39001,0.04714,0.09998
8,0.36136,10.09798,25,0.39001,0.05248,0.09998
8,0.36136,10.09798,26,0.39,0.05782,0.09998
8,0.36136,10.09798,27,0.39,0.06313,0.09998
8,0.36136,10.09798,28,0.39,0.06844,0.09998
9,0.3702,10.23938,1,-0.03908,-0.38773,0.16106
9,0.3702,10.23938,2,-0.01831,-0.3565,0.24442
9,0.3702,10.23938,3,0.00235,-0.32543,0.31334
9,0.3702,10.23938,4,0.02293,-0.29449,0.36791
9,0.3702,10.23938,5,0.04342,-0.26368,0.40824
9,0.3702,10.23938,6,0.06385,-0.23297,0.43438
9,0.3702,10.23938,7,0.08421,-0.20236,0.44639
9,0.3702,10.23938,8,0.10451,-0.17184,0.44433
9,0.3702,10.23938,9,0.12474,-0.14141,0.42823
9,0.3702,10.23938,10,0.14492,-0.11108,0.39813
9,0.3702,10.23938,11,0.16502,-0.08086,0.35411
9,0.3702,10.23938,12,0.18504,-0.05076,0.29622
9,0.3702,10.23938,13,0.20497,-0.02079,0.22456
9,0.3702,10.23938,14,0.2248,0.00902,0.13922
9,0.3702,10.23938,15,0.24423,0.02467,0.10658
9,0.3702,10.23938,16,0.26335,0.02908,0.11299
9,0.3702,10.23938,17,0.28242,0.03348,0.10535
9,0.3702,10.23938,18,0.30134,0.03784,0.09999
9,0.3702,10.23938,19,0.32015,0.04218,0.09999
9,0.3702,10.23938,20,0.33886,0.0465,0.09999
9,0.3702,10.23938,21,0.35749,0.05079,0.09999
9,0.3702,10.23938,22,0.37604,0.05507,0.09999
9,0.3702,10.23938,23,0.38991,0.05973,0.10001
9,0.3702,10.23938,24,0.39001,0.06544,0.09998
9,0.3702,10.23938,25,0.39001,0.07111,0.09998
9,0.3702,10.23938,26,0.39,0.07676,0.09998
9,0.3702,10.23938,27,0.39,0.0824,0.09998
9,0.3702,10.23938,28,0.39,0.08803,0.09998
10,0.34134,7.76289,1,-0.03908,-0.388,0.1559
10,0.34134,7.76289,2,-0.0183,-0.35913,0.23549
10,0.34134,7.76289,3,0.00236,-0.3304,0.30067
10,0.34134,7.76289,4,0.02295,-0.30179,0.35154
10,0.34134,7.76289,5,0.04346,-0.27328,0.38817
10,0.34134,7.76289,6,0.0639,-0.24488,0.41064
10,0.34134,7.76289,7,0.08428,-0.21656,0.419
10,0.34134,7.76289,8,0.1046,-0.18832,0.41329
10,0.34134,7.76289,9,0.12486,-0.16016,0.39355
10,0.34134,7.76289,10,0.14505,-0.1321,0.35983
10,0.34134,7.76289,11,0.16517,-0.10414,0.3122
10,0.34134,7.76289,12,0.18521,-0.07629,0.25072
10,0.34134,7.76289,13,0.20516,-0.04857,0.17549
10,0.34134,7.76289,14,0.22496,-0.02369,0.09918
10,0.34134,7.76289,15,0.24429,-0.02055,0.10959
10,0.34134,7.76289,16,0.26358,-0.01742,0.10592
10,0.34134,7.76289,17,0.28274,-0.01431,0.09999
10,0.34134,7.76289,18,0.30177,-0.01122,0.09999
10,0.34134,7.76289,19,0.32072,-0.00815,0.09999
10,0.34134,7.76289,20,0.33957,-0.00509,0.09998
10,0.34134,7.76289,21,0.35834,-0.00204,0.09998
10,0.34134,7.76289,22,0.37702,0.00098,0.09998
10,0.34134,7.76289,23,0.39,0.00459,0.10021
10,0.34134,7.76289,24,0.39001,0.00934,0.09998
10,0.34134,7.76289,25,0.39001,0.01402,0.09998
10,0.34134,7.76289,26,0.39,0.01869,0.09998
10,0.34134,7.76289,27,0.39,0.02334,0.09998
10,0.34134,7.76289,28,0.39,0.02798,0.09998
11,0.35303,9.37566,1,-0.03908,-0.38789,0.15799
11,0.35303,9.37566,2,-0.01831,-0.35807,0.23911
11,0.35303,9.37566,3,0.00236,-0.32839,0.3058
11,0.35303,9.37566,4,0.02294,-0.29883,0.35817
11,0.35303,9.37566,5,0.04344,-0.26939,0.3963
11,0.35303,9.37566,6,0.06388,-0.24005,0.42026
11,0.35303,9.37566,7,0.08425,-0.2108,0.4301
11,0.35303,9.37566,8,0.10456,-0.18164,0.42587
11,0.35303,9.37566,9,0.12481,-0.15256,0.4076
11,0.35303,9.37566,10,0.145,-0.12358,0.37535
11,0.35303,9.37566,11,0.16511,-0.0947,0.32918
11,0.35303,9.37566,12,0.18514,-0.06594,0.26916
11,0.35303,9.37566,13,0.20508,-0.03731,0.19538
11,0.35303,9.37566,14,0.22493,-0.00882,0.10793
11,0.35303,9.37566,15,0.24425,-0.00241,0.10931
11,0.35303,9.37566,16,0.26347,0.00122,0.10944
11,0.35303,9.37566,17,0.2826,0.00485,0.10004
11,0.35303,9.37566,18,0.30158,0.00845,0.09999
11,0.35303,9.37566,19,0.32047,0.01203,0.09998
11,0.35303,9.37566,20,0.33927,0.0156,0.09998
11,0.35303,9.37566,21,0.35798,0.01914,0.09998
11,0.35303,9.37566,22,0.37661,0.02268,0.09998
11,0.35303,9.37566,23,0.39001,0.0267,0.10013
11,0.35303,9.37566,24,0.39001,0.03181,0.09998
11,0.35303,9.37566,25,0.39001,0.03687,0.09998
11,0.35303,9.37566,26,0.39,0.04192,0.09998
11,0.35303,9.37566,27,0.39,0.04695,0.09998
11,0.35303,9.37566,28,0.39,0.05197,0.09998
12,0.40303,6.27226,1,-0.03908,-0.38743,0.16693
12,0.40303,6.27226,2,-0.01831,-0.35352,0.25457
12,0.40303,6.27226,3,0.00234,-0.31978,0.32774
12,0.40303,6.27226,4,0.0229,-0.2862,0.38654
12,0.40303,6.27226,5,0.04338,-0.25275,0.43105
12,0.40303,6.27226,6,0.06379,-0.21943,0.46136
12,0.40303,6.27226,7,0.08412,-0.18622,0.47753
12,0.40303,6.27226,8,0.1044,-0.15312,0.4796
12,0.40303,6.27226,9,0.12461,-0.12011,0.46763
12,0.40303,6.27226,10,0.14476,-0.08721,0.44165
12,0.40303,6.27226,11,0.16483,-0.05443,0.40172
12,0.40303,6.27226,12,0.18483,-0.02178,0.34791
12,0.40303,6.27226,13,0.20474,0.01073,0.2803
12,0.40303,6.27226,14,0.22456,0.04308,0.19899
12,0.40303,6.27226,15,0.24427,0.07527,0.10407
12,0.40303,6.27226,16,0.26327,0.08408,0.11109
12,0.40303,6.27226,17,0.28214,0.08996,0.11847
12,0.40303,6.27226,18,0.30098,0.09583,0.11179
12,0.40303,6.27226,19,0.31969,0.10167,0.09999
12,0.40303,6.27226,20,0.33824,0.10745,0.09999
12,0.40303,6.27226,21,0.35671,0.11321,0.09998
12,0.40303,6.27226,22,0.37509,0.11893,0.09998
12,0.40303,6.27226,23,0.38987,0.1249,0.1003
12,0.40303,6.27226,24,0.39001,0.13178,0.09998
12,0.40303,6.27226,25,0.39001,0.13861,0.09998
12,0.40303,6.27226,26,0.39,0.14542,0.09998
12,0.40303,6.27226,27,0.39,0.1522,0.09998
12,0.40303,6.27226,28,0.39,0.15897,0.09998
13,0.37146,10.20431,1,-0.03908,-0.38772,0.16129
13,0.37146,10.20431,2,-0.01831,-0.35639,0.24481
13,0.37146,10.20431,3,0.00235,-0.32521,0.31389
13,0.37146,10.20431,4,0.02293,-0.29417,0.36863
13,0.37146,10.20431,5,0.04342,-0.26325,0.40912
13,0.37146,10.20431,6,0.06385,-0.23245,0.43542
13,0.37146,10.20431,7,0.0842,-0.20173,0.44759
13,0.37146,10.20431,8,0.1045,-0.17112,0.44569
13,0.37146,10.20431,9,0.12474,-0.14059,0.42975
13,0.37146,10.20431,10,0.14491,-0.11016,0.39981
13,0.37146,10.20431,11,0.16501,-0.07984,0.35595
13,0.37146,10.20431,12,0.18503,-0.04964,0.29822
13,0.37146,10.20431,13,0.20496,-0.01958,0.22671
13,0.37146,10.20431,14,0.22479,0.01033,0.14152
13,0.37146,10.20431,15,0.24422,0.02606,0.10802
13,0.37146,10.20431,16,0.26333,0.03052,0.11277
13,0.37146,10.20431,17,0.28241,0.03496,0.10345
13,0.37146,10.20431,18,0.30131,0.03937,0.09999
13,0.37146,10.20431,19,0.32011,0.04375,0.09999
13,0.37146,10.20431,20,0.33883,0.04812,0.09998
13,0.37146,10.20431,21,0.35745,0.05246,0.09998
13,0.37146,10.20431,22,0.37599,0.05678,0.09998
13,0.37146,10.20431,23,0.3899,0.06149,0.10002
13,0.37146,10.20431,24,0.39001,0.06724,0.09998
13,0.37146,10.20431,25,0.39001,0.07295,0.09998
13,0.37146,10.20431,26,0.39,0.07864,0.09998
13,0.37146,10.20431,27,0.39,0.08432,0.09998
13,0.37146,10.20431,28,0.39,0.08999,0.09998
14,0.3821,9.67731,1,-0.03908,-0.38762,0.16319
14,0.3821,9.67731,2,-0.01831,-0.35542,0.2481
14,0.3821,9.67731,3,0.00234,-0.32338,0.31856
14,0.3821,9.67731,4,0.02292,-0.29148,0.37466
14,0.3821,9.67731,5,0.04341,-0.25972,0.41651
14,0.3821,9.67731,6,0.06383,-0.22806,0.44416
14,0.3821,9.67731,7,0.08418,-0.19651,0.45768
14,0.3821,9.67731,8,0.10447,-0.16505,0.45712
14,0.3821,9.67731,9,0.1247,-0.13369,0.44251
14,0.3821,9.67731,10,0.14486,-0.10243,0.41391
14,0.3821,9.67731,11,0.16495,-0.07128,0.37137
14,0.3821,9.67731,12,0.18496,-0.04025,0.31497
14,0.3821,9.67731,13,0.20489,-0.00936,0.24477
14,0.3821,9.67731,14,0.22471,0.02137,0.16089
14,0.3821,9.67731,15,0.24424,0.04343,0.10391
14,0.3821,9.67731,16,0.26329,0.04837,0.11398
14,0.3821,9.67731,17,0.2823,0.05329,0.10998
14,0.3821,9.67731,18,0.3012,0.05819,0.09999
14,0.3821,9.67731,19,0.31994,0.06306,0.09998
14,0.3821,9.67731,20,0.3386,0.06789,0.09998
14,0.3821,9.67731,21,0.35718,0.07271,0.09998
14,0.3821,9.67731,22,0.37566,0.0775,0.09998
14,0.3821,9.67731,23,0.38976,0.08264,0.10022
14,0.3821,9.67731,24,0.39001,0.08881,0.09998
14,0.3821,9.67731,25,0.39001,0.09495,0.09998
14,0.3821,9.67731,26,0.39,0.10107,0.09998
14,0.3821,9.67731,27,0.39,0.10717,0.09998
14,0.3821,9.67731,28,0.39,0.11326,0.09998
15,0.3678,10.32924,1,-0.03908,-0.38776,0.16063
15,0.3678,10.32924,2,-0.01831,-0.35672,0.24368
15,0.3678,10.32924,3,0.00235,-0.32584,0.31228
15,0.3678,10.32924,4,0.02293,-0.2951,0.36655
15,0.3678,10.32924,5,0.04343,-0.26447,0.40657
15,0.3678,10.32924,6,0.06385,-0.23396,0.4324
15,0.3678,10.32924,7,0.08421,-0.20354,0.44411
15,0.3678,10.32924,8,0.10451,-0.17321,0.44175
15,0.3678,10.32924,9,0.12475,-0.14297,0.42534
15,0.3678,10.32924,10,0.14493,-0.11283,0.39495
15,0.3678,10.32924,11,0.16503,-0.0828,0.35062
15,0.3678,10.32924,12,0.18505,-0.05288,0.29244
15,0.3678,10.32924,13,0.20498,-0.0231,0.22048
15,0.3678,10.32924,14,0.22482,0.00652,0.13484
15,0.3678,10.32924,15,0.24421,0.02013,0.09999
15,0.3678,10.32924,16,0.26331,0.02441,0.09999
15,0.3678,10.32924,17,0.28231,0.02866,0.09999
15,0.3678,10.32924,18,0.30123,0.03289,0.09999
15,0.3678,10.32924,19,0.32005,0.03711,0.09998
15,0.3678,10.32924,20,0.33879,0.0413,0.09998
15,0.3678,10.32924,21,0.35744,0.04548,0.09998
15,0.3678,10.32924,22,0.37601,0.04963,0.09998
15,0.3678,10.32924,23,0.38991,0.05418,0.10001
15,0.3678,10.32924,24,0.39001,0.0598,0.09998
15,0.3678,10.32924,25,0.39001,0.06537,0.09998
15,0.3678,10.32924,26,0.39,0.07093,0.09998
15,0.3678,10.32924,27,0.39,0.07648,0.09998
15,0.3678,10.32924,28,0.39,0.08201,0.09998
16,0.39302,8.31714,1,-0.03908,-0.38752,0.16514
16,0.39302,8.31714,2,-0.01831,-0.35443,0.25148
16,0.39302,8.31714,3,0.00234,-0.3215,0.32335
16,0.39302,8.31714,4,0.02291,-0.28873,0.38086
16,0.39302,8.31714,5,0.04339,-0.25608,0.42409
16,0.39302,8.31714,6,0.06381,-0.22356,0.45313
16,0.39302,8.31714,7,0.08415,-0.19114,0.46804
16,0.39302,8.31714,8,0.10443,-0.15882,0.46885
16,0.39302,8.31714,9,0.12465,-0.1266,0.45562
16,0.39302,8.31714,10,0.14481,-0.09449,0.42838
16,0.39302,8.31714,11,0.16489,-0.06249,0.38721
16,0.39302,8.31714,12,0.18489,-0.03061,0.33216
16,0.39302,8.31714,13,0.20481,0.00112,0.26331
16,0.39302,8.31714,14,0.22463,0.0327,0.18077
16,0.39302,8.31714,15,0.24428,0.06124,0.09854
16,0.39302,8.31714,16,0.26326,0.06668,0.11365
16,0.39302,8.31714,17,0.2822,0.0721,0.11467
16,0.39302,8.31714,18,0.3011,0.07751,0.10165
16,0.39302,8.31714,19,0.31979,0.08286,0.09999
16,0.39302,8.31714,20,0.3384,0.08819,0.09998
16,0.39302,8.31714,21,0.35691,0.09349,0.09998
16,0.39302,8.31714,22,0.37535,0.09877,0.09998
16,0.39302,8.31714,23,0.38961,0.10435,0.10042
16,0.39302,8.31714,24,0.39001,0.11092,0.09998
16,0.39302,8.31714,25,0.39001,0.11748,0.09998
16,0.39302,8.31714,26,0.39,0.12401,0.09998
16,0.39302,8.31714,27,0.39,0.13053,0.09998
16,0.39302,8.31714,28,0.39,0.13703,0.09998
17,0.36015,9.92505,1,-0.03908,-0.38783,0.15926
17,0.36015,9.92505,2,-0.01831,-0.35742,0.24131
17,0.36015,9.92505,3,0.00235,-0.32716,0.30892
17,0.36015,9.92505,4,0.02293,-0.29703,0.36221
17,0.36015,9.92505,5,0.04344,-0.26702,0.40125
17,0.36015,9.92505,6,0.06387,-0.23711,0.42611
17,0.36015,9.92505,7,0.08423,-0.2073,0.43685
17,0.36015,9.92505,8,0.10454,-0.17758,0.43352
17,0.36015,9.92505,9,0.12478,-0.14794,0.41615
17,0.36015,9.92505,10,0.14496,-0.1184,0.3848
17,0.36015,9.92505,11,0.16507,-0.08897,0.33951
17,0.36015,9.92505,12,0.1851,-0.05965,0.28038
17,0.36015,9.92505,13,0.20504,-0.03046,0.20747
17,0.36015,9.92505,14,0.22488,-0.00142,0.1209
17,0.36015,9.92505,15,0.24422,0.00808,0.10986
17,0.36015,9.92505,16,0.26341,0.01203,0.11026
17,0.36015,9.92505,17,0.28252,0.01597,0.09999
17,0.36015,9.92505,18,0.30147,0.01987,0.09999
17,0.36015,9.92505,19,0.32032,0.02376,0.09999
17,0.36015,9.92505,20,0.33909,0.02762,0.09999
17,0.36015,9.92505,21,0.35777,0.03147,0.09999
17,0.36015,9.92505,22,0.37637,0.0353,0.09998
17,0.36015,9.92505,23,0.39001,0.03958,0.10007
17,0.36015,9.92505,24,0.39001,0.04493,0.09998
17,0.36015,9.92505,25,0.39001,0.05024,0.09998
17,0.36015,9.92505,26,0.39,0.05552,0.09998
17,0.36015,9.92505,27,0.39,0.0608,0.09998
17,0.36015,9.92505,28,0.39,0.06606,0.09998
18,0.34353,8.08193,1,-0.03908,-0.38798,0.15629
18,0.34353,8.08193,2,-0.01831,-0.35893,0.23617
18,0.34353,8.08193,3,0.00236,-0.33002,0.30163
18,0.34353,8.08193,4,0.02295,-0.30123,0.35278
18,0.34353,8.08193,5,0.04346,-0.27255,0.3897
18,0.34353,8.08193,6,0.0639,-0.24397,0.41244
18,0.34353,8.08193,7,0.08427,-0.21548,0.42108
18,0.34353,8.08193,8,0.10459,-0.18707,0.41564
18,0.34353,8.08193,9,0.12485,-0.15874,0.39618
18,0.34353,8.08193,10,0.14504,-0.1305,0.36274
18,0.34353,8.08193,11,0.16516,-0.10237,0.31538
18,0.34353,8.08193,12,0.1852,-0.07435,0.25418
18,0.34353,8.08193,13,0.20515,-0.04646,0.17922
18,0.34353,8.08193,14,0.22494,-0.02142,0.10179
18,0.34353,8.08193,15,0.24427,-0.0182,0.10014
18,0.34353,8.08193,16,0.26348,-0.015,0.09999
18,0.34353,8.08193,17,0.2826,-0.01182,0.09999
18,0.34353,8.08193,18,0.30163,-0.00864,0.09999
18,0.34353,8.08193,19,0.32057,-0.00549,0.09998
18,0.34353,8.08193,20,0.33942,-0.00235,0.09998
18,0.34353,8.08193,21,0.35819,0.00077,0.09998
18,0.34353,8.08193,22,0.37686,0.00388,0.09998
18,0.34353,8.08193,23,0.39001,0.00754,0.10018
18,0.34353,8.08193,24,0.39001,0.01234,0.09998
18,0.34353,8.08193,25,0.39001,0.01708,0.09998
18,0.34353,8.08193,26,0.39,0.0218,0.09998
18,0.34353,8.08193,27,0.39,0.02651,0.09998
18,0.34353,8.08193,28,0.39,0.03121,0.09998
19,0.38076,9.7967,1,-0.03908,-0.38763,0.16295
19,0.38076,9.7967,2,-0.01831,-0.35554,0.24768
19,0.38076,9.7967,3,0.00234,-0.32361,0.31797
19,0.38076,9.7967,4,0.02292,-0.29182,0.3739
19,0.38076,9.7967,5,0.04341,-0.26016,0.41557
19,0.38076,9.7967,6,0.06383,-0.22861,0.44306
19,0.38076,9.7967,7,0.08418,-0.19717,0.45641
19,0.38076,9.7967,8,0.10447,-0.16582,0.45568
19,0.38076,9.7967,9,0.1247,-0.13456,0.4409
19,0.38076,9.7967,10,0.14486,-0.1034,0.41213
19,0.38076,9.7967,11,0.16496,-0.07236,0.36943
19,0.38076,9.7967,12,0.18497,-0.04143,0.31285
19,0.38076,9.7967,13,0.2049,-0.01065,0.24249
19,0.38076,9.7967,14,0.22472,0.01998,0.15845
19,0.38076,9.7967,15,0.24425,0.04195,0.10196
19,0.38076,9.7967,16,0.2633,0.04683,0.11383
19,0.38076,9.7967,17,0.28231,0.05171,0.11162
19,0.38076,9.7967,18,0.30123,0.05656,0.10021
19,0.38076,9.7967,19,0.31998,0.06137,0.09998
19,0.38076,9.7967,20,0.33864,0.06616,0.09998
19,0.38076,9.7967,21,0.35722,0.07093,0.09999
19,0.38076,9.7967,22,0.37571,0.07567,0.09999
19,0.38076,9.7967,23,0.38977,0.08076,0.10019
19,0.38076,9.7967,24,0.39001,0.08688,0.09998
19,0.38076,9.7967,25,0.39001,0.09297,0.09998
19,0.38076,9.7967,26,0.39,0.09904,0.09998
19,0.38076,9.7967,27,0.39,0.10509,0.09998
19,0.38076,9.7967,28,0.39,0.11113,0.09998
20,0.37656,10.05172,1,-0.03908,-0.38767,0.1622
20,0.37656,10.05172,2,-0.01831,-0.35593,0.24639
20,0.37656,10.05172,3,0.00235,-0.32433,0.31613
20,0.37656,10.05172,4,0.02292,-0.29288,0.37152
20,0.37656,10.05172,5,0.04342,-0.26156,0.41266
20,0.37656,10.05172,6,0.06384,-0.23034,0.43961
20,0.37656,10.05172,7,0.08419,-0.19923,0.45243
20,0.37656,10.05172,8,0.10449,-0.16821,0.45117
20,0.37656,10.05172,9,0.12472,-0.13728,0.43587
20,0.37656,10.05172,10,0.14489,-0.10645,0.40657
20,0.37656,10.05172,11,0.16498,-0.07573,0.36334
20,0.37656,10.05172,12,0.185,-0.04514,0.30625
20,0.37656,10.05172,13,0.20493,-0.01468,0.23537
20,0.37656,10.05172,14,0.22476,0.01563,0.15081
20,0.37656,10.05172,15,0.24422,0.03449,0.1059
20,0.37656,10.05172,16,0.26331,0.03918,0.11359
20,0.37656,10.05172,17,0.28235,0.04385,0.10721
20,0.37656,10.05172,18,0.30125,0.0485,0.09999
20,0.37656,10.05172,19,0.32003,0.05311,0.09999
20,0.37656,10.05172,20,0.33872,0.0577,0.09998
20,0.37656,10.05172,21,0.35732,0.06228,0.09998
20,0.37656,10.05172,22,0.37583,0.06682,0.09999
20,0.37656,10.05172,23,0.38983,0.07174,0.10012
20,0.37656,10.05172,24,0.39001,0.07769,0.09998
20,0.37656,10.05172,25,0.39001,0.0836,0.09998
20,0.37656,10.05172,26,0.39,0.0895,0.09998
20,0.37656,10.05172,27,0.39,0.09539,0.09998
20,0.37656,10.05172,28,0.39,0.10125,0.09998
