particle,elasticity,weight,frame,x,y,z
1,0.54709,57.5575,1,0.30069,-0.18218,0.16292
1,0.54709,57.5575,2,0.32588,-0.37775,0.23672
1,0.54709,57.5575,3,0.34493,-0.29995,0.32506
1,0.54709,57.5575,4,0.36385,-0.22261,0.39884
1,0.54709,57.5575,5,0.38268,-0.14572,0.45817
1,0.54709,57.5575,6,0.39001,-0.07178,0.50191
1,0.54709,57.5575,7,0.39001,0.00016,0.53061
1,0.54709,57.5575,8,0.39001,0.07177,0.54516
1,0.54709,57.5575,9,0.39001,0.14308,0.5456
1,0.54709,57.5575,10,0.39001,0.21407,0.532
1,0.54709,57.5575,11,0.39001,0.28475,0.50443
1,0.54709,57.5575,12,0.39001,0.3551,0.46296
1,0.54709,57.5575,13,0.38731,0.38425,0.40641
1,0.54709,57.5575,14,0.38127,0.36229,0.33452
1,0.54709,57.5575,15,0.37525,0.34043,0.24894
1,0.54709,57.5575,16,0.36927,0.31869,0.14979
1,0.54709,57.5575,17,0.36668,0.29192,0.10973
1,0.54709,57.5575,18,0.3668,0.26112,0.11377
1,0.54709,57.5575,19,0.36691,0.23041,0.10375
1,0.54709,57.5575,20,0.36703,0.20005,0.09999
1,0.54709,57.5575,21,0.36714,0.16988,0.09998
1,0.54709,57.5575,22,0.36725,0.1399,0.09998
1,0.54709,57.5575,23,0.36736,0.11008,0.09999
1,0.54709,57.5575,24,0.36747,0.08044,0.09999
2,0.7045,58.12297,1,0.30017,-0.17687,0.18425
2,0.7045,58.12297,2,0.32571,-0.4029,0.27456
2,0.7045,58.12297,3,0.34436,-0.29122,0.38042
2,0.7045,58.12297,4,0.36287,-0.18038,0.47147
2,0.7045,58.12297,5,0.38125,-0.07032,0.54785
2,0.7045,58.12297,6,0.38944,0.03673,0.60861
2,0.7045,58.12297,7,0.38971,0.14134,0.6541
2,0.7045,58.12297,8,0.38997,0.24534,0.6853
2,0.7045,58.12297,9,0.39001,0.34867,0.7023
2,0.7045,58.12297,10,0.38645,0.37256,0.69155
2,0.7045,58.12297,11,0.38007,0.33333,0.65592
2,0.7045,58.12297,12,0.37372,0.29425,0.60639
2,0.7045,58.12297,13,0.36739,0.25534,0.54303
2,0.7045,58.12297,14,0.36109,0.21661,0.46594
2,0.7045,58.12297,15,0.35482,0.17808,0.37522
2,0.7045,58.12297,16,0.34859,0.13977,0.27099
2,0.7045,58.12297,17,0.3424,0.10169,0.15337
2,0.7045,58.12297,18,0.33987,0.06675,0.12195
2,0.7045,58.12297,19,0.34025,0.03425,0.15609
2,0.7045,58.12297,20,0.34063,0.00186,0.17609
2,0.7045,58.12297,21,0.341,-0.03042,0.18198
2,0.7045,58.12297,22,0.34138,-0.06263,0.1738
2,0.7045,58.12297,23,0.34176,-0.09474,0.15161
2,0.7045,58.12297,24,0.34213,-0.12675,0.11545
3,0.59905,58.025,1,0.30052,-0.18043,0.16996
3,0.59905,58.025,2,0.32555,-0.37369,0.25048
3,0.59905,58.025,3,0.34447,-0.2916,0.34465
3,0.59905,58.025,4,0.36327,-0.21003,0.42419
3,0.59905,58.025,5,0.38196,-0.12894,0.48924
3,0.59905,58.025,6,0.39001,-0.05062,0.53865
3,0.59905,58.025,7,0.39001,0.02553,0.57286
3,0.59905,58.025,8,0.39001,0.10132,0.59287
3,0.59905,58.025,9,0.39001,0.17676,0.59876
3,0.59905,58.025,10,0.39001,0.25187,0.59059
3,0.59905,58.025,11,0.39001,0.32663,0.56842
3,0.59905,58.025,12,0.38933,0.3901,0.53141
3,0.59905,58.025,13,0.38331,0.3659,0.47325
3,0.59905,58.025,14,0.37732,0.34181,0.4013
3,0.59905,58.025,15,0.37135,0.31783,0.31567
3,0.59905,58.025,16,0.36542,0.29397,0.21646
3,0.59905,58.025,17,0.35952,0.27026,0.1038
3,0.59905,58.025,18,0.35909,0.24124,0.12401
3,0.59905,58.025,19,0.35933,0.21163,0.14838
3,0.59905,58.025,20,0.35958,0.18212,0.15863
3,0.59905,58.025,21,0.35982,0.15268,0.15481
3,0.59905,58.025,22,0.36007,0.12332,0.13695
3,0.59905,58.025,23,0.36031,0.09406,0.1051
3,0.59905,58.025,24,0.36055,0.06532,0.10104
4,0.59845,57.5418,1,0.30052,-0.18045,0.16988
4,0.59845,57.5418,2,0.32555,-0.37374,0.25032
4,0.59845,57.5418,3,0.34448,-0.29169,0.34442
4,0.59845,57.5418,4,0.36328,-0.21017,0.4239
4,0.59845,57.5418,5,0.38197,-0.12913,0.48888
4,0.59845,57.5418,6,0.39001,-0.05086,0.53823
4,0.59845,57.5418,7,0.39001,0.02524,0.57237
4,0.59845,57.5418,8,0.39001,0.10098,0.59232
4,0.59845,57.5418,9,0.39001,0.17638,0.59815
4,0.59845,57.5418,10,0.39001,0.25144,0.58991
4,0.59845,57.5418,11,0.39001,0.32616,0.56768
4,0.59845,57.5418,12,0.38933,0.38963,0.53061
4,0.59845,57.5418,13,0.38331,0.36584,0.47242
4,0.59845,57.5418,14,0.37732,0.34215,0.40044
4,0.59845,57.5418,15,0.37135,0.31857,0.31477
4,0.59845,57.5418,16,0.36541,0.29512,0.21552
4,0.59845,57.5418,17,0.35951,0.27181,0.10283
4,0.59845,57.5418,18,0.35976,0.24234,0.10694
4,0.59845,57.5418,19,0.36001,0.213,0.10035
4,0.59845,57.5418,20,0.36026,0.18391,0.09998
4,0.59845,57.5418,21,0.36051,0.15498,0.09998
4,0.59845,57.5418,22,0.36076,0.12622,0.09998
4,0.59845,57.5418,23,0.361,0.09763,0.09999
4,0.59845,57.5418,24,0.36125,0.06919,0.09998
5,0.62776,56.30676,1,0.30042,-0.17946,0.17385
5,0.62776,56.30676,2,0.32537,-0.37145,0.25808
5,0.62776,56.30676,3,0.34422,-0.28703,0.35546
5,0.62776,56.30676,4,0.36295,-0.20316,0.43819
5,0.62776,56.30676,5,0.38156,-0.1198,0.50639
5,0.62776,56.30676,6,0.39001,-0.0391,0.55894
5,0.62776,56.30676,7,0.39001,0.03932,0.59619
5,0.62776,56.30676,8,0.39001,0.11738,0.61922
5,0.62776,56.30676,9,0.39001,0.19506,0.62812
5,0.62776,56.30676,10,0.39001,0.27239,0.62294
5,0.62776,56.30676,11,0.39001,0.34937,0.60375
5,0.62776,56.30676,12,0.38733,0.38067,0.56571
5,0.62776,56.30676,13,0.38134,0.3553,0.50766
5,0.62776,56.30676,14,0.37537,0.33005,0.43583
5,0.62776,56.30676,15,0.36943,0.30492,0.35031
5,0.62776,56.30676,16,0.36352,0.27991,0.25121
5,0.62776,56.30676,17,0.35765,0.25506,0.13866
5,0.62776,56.30676,18,0.35593,0.2273,0.12245
5,0.62776,56.30676,19,0.35626,0.19813,0.14705
5,0.62776,56.30676,20,0.3566,0.16904,0.15753
5,0.62776,56.30676,21,0.35694,0.14002,0.15394
5,0.62776,56.30676,22,0.35727,0.11109,0.13631
5,0.62776,56.30676,23,0.3576,0.08224,0.1047
5,0.62776,56.30676,24,0.35793,0.0539,0.10418
6,0.60967,58.36277,1,0.30048,-0.18007,0.1714
6,0.60967,58.36277,2,0.32548,-0.37286,0.25329
6,0.60967,58.36277,3,0.34438,-0.2899,0.34865
6,0.60967,58.36277,4,0.36315,-0.20748,0.42937
6,0.60967,58.36277,5,0.38181,-0.12555,0.49558
6,0.60967,58.36277,6,0.39001,-0.04634,0.54616
6,0.60967,58.36277,7,0.39001,0.03065,0.58149
6,0.60967,58.36277,8,0.39001,0.10728,0.60263
6,0.60967,58.36277,9,0.39001,0.18356,0.60963
6,0.60967,58.36277,10,0.39001,0.25949,0.60256
6,0.60967,58.36277,11,0.39001,0.33508,0.58149
6,0.60967,58.36277,12,0.38867,0.38796,0.54445
6,0.60967,58.36277,13,0.38266,0.36252,0.48639
6,0.60967,58.36277,14,0.37668,0.3372,0.41455
6,0.60967,58.36277,15,0.37072,0.31199,0.32901
6,0.60967,58.36277,16,0.3648,0.28692,0.2299
6,0.60967,58.36277,17,0.35891,0.26199,0.11734
6,0.60967,58.36277,18,0.35783,0.23306,0.12128
6,0.60967,58.36277,19,0.35811,0.20304,0.14823
6,0.60967,58.36277,20,0.35838,0.17311,0.16106
6,0.60967,58.36277,21,0.35866,0.14326,0.15981
6,0.60967,58.36277,22,0.35894,0.1135,0.14452
6,0.60967,58.36277,23,0.35921,0.08382,0.11523
6,0.60967,58.36277,24,0.35948,0.05459,0.09999
7,0.59178,59.20194,1,0.30054,-0.18068,0.16897
7,0.59178,59.20194,2,0.3256,-0.37426,0.24856
7,0.59178,59.20194,3,0.34453,-0.29276,0.34191
7,0.59178,59.20194,4,0.36335,-0.21178,0.42064
7,0.59178,59.20194,5,0.38206,-0.13127,0.48489
7,0.59178,59.20194,6,0.39001,-0.05356,0.53351
7,0.59178,59.20194,7,0.39001,0.022,0.56695
7,0.59178,59.20194,8,0.39001,0.09722,0.58619
7,0.59178,59.20194,9,0.39001,0.17209,0.59132
7,0.59178,59.20194,10,0.39001,0.24663,0.58239
7,0.59178,59.20194,11,0.39001,0.32083,0.55946
7,0.59178,59.20194,12,0.39001,0.39468,0.52261
7,0.59178,59.20194,13,0.38398,0.36956,0.46454
7,0.59178,59.20194,14,0.37798,0.34456,0.39269
7,0.59178,59.20194,15,0.37202,0.31967,0.30715
7,0.59178,59.20194,16,0.36608,0.29492,0.20803
7,0.59178,59.20194,17,0.36018,0.2703,0.09547
7,0.59178,59.20194,18,0.3604,0.23957,0.12792
7,0.59178,59.20194,19,0.36063,0.20893,0.14623
7,0.59178,59.20194,20,0.36086,0.17837,0.15044
7,0.59178,59.20194,21,0.36109,0.1479,0.14059
7,0.59178,59.20194,22,0.36131,0.11752,0.11673
7,0.59178,59.20194,23,0.36154,0.08751,0.09999
7,0.59178,59.20194,24,0.36176,0.05789,0.09998
8,0.5893,57.87493,1,0.30055,-0.18076,0.16864
8,0.5893,57.87493,2,0.32561,-0.37445,0.2479
8,0.5893,57.87493,3,0.34456,-0.29316,0.34097
8,0.5893,57.87493,4,0.36338,-0.21237,0.41943
8,0.5893,57.87493,5,0.38209,-0.13206,0.48341
8,0.5893,57.87493,6,0.39001,-0.05456,0.53176
8,0.5893,57.87493,7,0.39001,0.0208,0.56493
8,0.5893,57.87493,8,0.39001,0.09582,0.58392
8,0.5893,57.87493,9,0.39001,0.1705,0.58878
8,0.5893,57.87493,10,0.39001,0.24484,0.57959
8,0.5893,57.87493,11,0.39001,0.31884,0.55641
8,0.5893,57.87493,12,0.39001,0.3925,0.5193
8,0.5893,57.87493,13,0.38397,0.3691,0.46109
8,0.5893,57.87493,14,0.37797,0.3458,0.38909
8,0.5893,57.87493,15,0.37199,0.3226,0.30341
8,0.5893,57.87493,16,0.36605,0.29954,0.20414
8,0.5893,57.87493,17,0.36014,0.2766,0.09143
8,0.5893,57.87493,18,0.36036,0.24702,0.12668
8,0.5893,57.87493,19,0.36058,0.21754,0.14777
8,0.5893,57.87493,20,0.36079,0.18814,0.15476
8,0.5893,57.87493,21,0.36101,0.15882,0.14768
8,0.5893,57.87493,22,0.36123,0.12958,0.12658
8,0.5893,57.87493,23,0.36145,0.10053,0.1019
8,0.5893,57.87493,24,0.36166,0.07195,0.10026
9,0.54709,57.5575,1,0.30069,-0.18218,0.16292
9,0.54709,57.5575,2,0.32588,-0.37775,0.23672
9,0.54709,57.5575,3,0.34493,-0.29995,0.32506
9,0.54709,57.5575,4,0.36385,-0.22261,0.39884
9,0.54709,57.5575,5,0.38268,-0.14572,0.45817
9,0.54709,57.5575,6,0.39001,-0.07178,0.50191
9,0.54709,57.5575,7,0.39001,0.00016,0.53061
9,0.54709,57.5575,8,0.39001,0.07177,0.54516
9,0.54709,57.5575,9,0.39001,0.14308,0.5456
9,0.54709,57.5575,10,0.39001,0.21407,0.532
9,0.54709,57.5575,11,0.39001,0.28475,0.50443
9,0.54709,57.5575,12,0.39001,0.3551,0.46296
9,0.54709,57.5575,13,0.38731,0.38425,0.40641
9,0.54709,57.5575,14,0.38127,0.36229,0.33452
9,0.54709,57.5575,15,0.37525,0.34043,0.24894
9,0.54709,57.5575,16,0.36927,0.31869,0.14979
9,0.54709,57.5575,17,0.36668,0.29192,0.10973
9,0.54709,57.5575,18,0.3668,0.26112,0.11377
9,0.54709,57.5575,19,0.36691,0.23041,0.10375
9,0.54709,57.5575,20,0.36703,0.20005,0.09999
9,0.54709,57.5575,21,0.36714,0.16988,0.09998
9,0.54709,57.5575,22,0.36725,0.1399,0.09998
9,0.54709,57.5575,23,0.36736,0.11008,0.09999
9,0.54709,57.5575,24,0.36747,0.08044,0.09999
10,0.59178,59.20194,1,0.30054,-0.18068,0.16897
10,0.59178,59.20194,2,0.3256,-0.37426,0.24856
10,0.59178,59.20194,3,0.34453,-0.29276,0.34191
10,0.59178,59.20194,4,0.36335,-0.21178,0.42064
10,0.59178,59.20194,5,0.38206,-0.13127,0.48489
10,0.59178,59.20194,6,0.39001,-0.05356,0.53351
10,0.59178,59.20194,7,0.39001,0.022,0.56695
10,0.59178,59.20194,8,0.39001,0.09722,0.58619
10,0.59178,59.20194,9,0.39001,0.17209,0.59132
10,0.59178,59.20194,10,0.39001,0.24663,0.58239
10,0.59178,59.20194,11,0.39001,0.32083,0.55946
10,0.59178,59.20194,12,0.39001,0.39468,0.52261
10,0.59178,59.20194,13,0.38398,0.36956,0.46454
10,0.59178,59.20194,14,0.37798,0.34456,0.39269
10,0.59178,59.20194,15,0.37202,0.31967,0.30715
10,0.59178,59.20194,16,0.36608,0.29492,0.20803
10,0.59178,59.20194,17,0.36018,0.2703,0.09547
10,0.59178,59.20194,18,0.3604,0.23957,0.12792
10,0.59178,59.20194,19,0.36063,0.20893,0.14623
10,0.59178,59.20194,20,0.36086,0.17837,0.15044
10,0.59178,59.20194,21,0.36109,0.1479,0.14059
10,0.59178,59.20194,22,0.36131,0.11752,0.11673
10,0.59178,59.20194,23,0.36154,0.08751,0.09999
10,0.59178,59.20194,24,0.36176,0.05789,0.09998
11,0.5893,57.87493,1,0.30055,-0.18076,0.16864
11,0.5893,57.87493,2,0.32561,-0.37445,0.2479
11,0.5893,57.87493,3,0.34456,-0.29316,0.34097
11,0.5893,57.87493,4,0.36338,-0.21237,0.41943
11,0.5893,57.87493,5,0.38209,-0.13206,0.48341
11,0.5893,57.87493,6,0.39001,-0.05456,0.53176
11,0.5893,57.87493,7,0.39001,0.0208,0.56493
11,0.5893,57.87493,8,0.39001,0.09582,0.58392
11,0.5893,57.87493,9,0.39001,0.1705,0.58878
11,0.5893,57.87493,10,0.39001,0.24484,0.57959
11,0.5893,57.87493,11,0.39001,0.31884,0.55641
11,0.5893,57.87493,12,0.39001,0.3925,0.5193
11,0.5893,57.87493,13,0.38397,0.3691,0.46109
11,0.5893,57.87493,14,0.37797,0.3458,0.38909
11,0.5893,57.87493,15,0.37199,0.3226,0.30341
11,0.5893,57.87493,16,0.36605,0.29954,0.20414
11,0.5893,57.87493,17,0.36014,0.2766,0.09143
11,0.5893,57.87493,18,0.36036,0.24702,0.12668
11,0.5893,57.87493,19,0.36058,0.21754,0.14777
11,0.5893,57.87493,20,0.36079,0.18814,0.15476
11,0.5893,57.87493,21,0.36101,0.15882,0.14768
11,0.5893,57.87493,22,0.36123,0.12958,0.12658
11,0.5893,57.87493,23,0.36145,0.10053,0.1019
11,0.5893,57.87493,24,0.36166,0.07195,0.10026
12,0.58198,58.80148,1,0.30058,-0.18101,0.16765
12,0.58198,58.80148,2,0.32566,-0.37502,0.24596
12,0.58198,58.80148,3,0.34462,-0.29433,0.33821
12,0.58198,58.80148,4,0.36346,-0.21414,0.41586
12,0.58198,58.80148,5,0.38219,-0.13442,0.47904
12,0.58198,58.80148,6,0.39001,-0.05752,0.52658
12,0.58198,58.80148,7,0.39001,0.01725,0.55898
12,0.58198,58.80148,8,0.39001,0.09168,0.5772
12,0.58198,58.80148,9,0.39001,0.16578,0.5813
12,0.58198,58.80148,10,0.39001,0.23954,0.57134
12,0.58198,58.80148,11,0.39001,0.31298,0.5474
12,0.58198,58.80148,12,0.39001,0.38607,0.50953
12,0.58198,58.80148,13,0.38464,0.37269,0.45212
12,0.58198,58.80148,14,0.37863,0.34863,0.38022
12,0.58198,58.80148,15,0.37265,0.32468,0.29462
12,0.58198,58.80148,16,0.36671,0.30086,0.19545
12,0.58198,58.80148,17,0.36147,0.2764,0.10015
12,0.58198,58.80148,18,0.36167,0.24589,0.12965
12,0.58198,58.80148,19,0.36187,0.21547,0.14501
12,0.58198,58.80148,20,0.36207,0.18513,0.14629
12,0.58198,58.80148,21,0.36227,0.15488,0.13351
12,0.58198,58.80148,22,0.36247,0.12471,0.10673
12,0.58198,58.80148,23,0.36267,0.09508,0.09998
12,0.58198,58.80148,24,0.36286,0.06567,0.09998
13,0.5893,57.87493,1,0.30055,-0.18076,0.16864
13,0.5893,57.87493,2,0.32561,-0.37445,0.2479
13,0.5893,57.87493,3,0.34456,-0.29316,0.34097
13,0.5893,57.87493,4,0.36338,-0.21237,0.41943
13,0.5893,57.87493,5,0.38209,-0.13206,0.48341
13,0.5893,57.87493,6,0.39001,-0.05456,0.53176
13,0.5893,57.87493,7,0.39001,0.0208,0.56493
13,0.5893,57.87493,8,0.39001,0.09582,0.58392
13,0.5893,57.87493,9,0.39001,0.1705,0.58878
13,0.5893,57.87493,10,0.39001,0.24484,0.57959
13,0.5893,57.87493,11,0.39001,0.31884,0.55641
13,0.5893,57.87493,12,0.39001,0.3925,0.5193
13,0.5893,57.87493,13,0.38397,0.3691,0.46109
13,0.5893,57.87493,14,0.37797,0.3458,0.38909
13,0.5893,57.87493,15,0.37199,0.3226,0.30341
13,0.5893,57.87493,16,0.36605,0.29954,0.20414
13,0.5893,57.87493,17,0.36014,0.2766,0.09143
13,0.5893,57.87493,18,0.36036,0.24702,0.12668
13,0.5893,57.87493,19,0.36058,0.21754,0.14777
13,0.5893,57.87493,20,0.36079,0.18814,0.15476
13,0.5893,57.87493,21,0.36101,0.15882,0.14768
13,0.5893,57.87493,22,0.36123,0.12958,0.12658
13,0.5893,57.87493,23,0.36145,0.10053,0.1019
13,0.5893,57.87493,24,0.36166,0.07195,0.10026
14,0.59178,59.20194,1,0.30054,-0.18068,0.16897
14,0.59178,59.20194,2,0.3256,-0.37426,0.24856
14,0.59178,59.20194,3,0.34453,-0.29276,0.34191
14,0.59178,59.20194,4,0.36335,-0.21178,0.42064
14,0.59178,59.20194,5,0.38206,-0.13127,0.48489
14,0.59178,59.20194,6,0.39001,-0.05356,0.53351
14,0.59178,59.20194,7,0.39001,0.022,0.56695
14,0.59178,59.20194,8,0.39001,0.09722,0.58619
14,0.59178,59.20194,9,0.39001,0.17209,0.59132
14,0.59178,59.20194,10,0.39001,0.24663,0.58239
14,0.59178,59.20194,11,0.39001,0.32083,0.55946
14,0.59178,59.20194,12,0.39001,0.39468,0.52261
14,0.59178,59.20194,13,0.38398,0.36956,0.46454
14,0.59178,59.20194,14,0.37798,0.34456,0.39269
14,0.59178,59.20194,15,0.37202,0.31967,0.30715
14,0.59178,59.20194,16,0.36608,0.29492,0.20803
14,0.59178,59.20194,17,0.36018,0.2703,0.09547
14,0.59178,59.20194,18,0.3604,0.23957,0.12792
14,0.59178,59.20194,19,0.36063,0.20893,0.14623
14,0.59178,59.20194,20,0.36086,0.17837,0.15044
14,0.59178,59.20194,21,0.36109,0.1479,0.14059
14,0.59178,59.20194,22,0.36131,0.11752,0.11673
14,0.59178,59.20194,23,0.36154,0.08751,0.09999
14,0.59178,59.20194,24,0.36176,0.05789,0.09998
15,0.59178,59.20194,1,0.30054,-0.18068,0.16897
15,0.59178,59.20194,2,0.3256,-0.37426,0.24856
15,0.59178,59.20194,3,0.34453,-0.29276,0.34191
15,0.59178,59.20194,4,0.36335,-0.21178,0.42064
15,0.59178,59.20194,5,0.38206,-0.13127,0.48489
15,0.59178,59.20194,6,0.39001,-0.05356,0.53351
15,0.59178,59.20194,7,0.39001,0.022,0.56695
15,0.59178,59.20194,8,0.39001,0.09722,0.58619
15,0.59178,59.20194,9,0.39001,0.17209,0.59132
15,0.59178,59.20194,10,0.39001,0.24663,0.58239
15,0.59178,59.20194,11,0.39001,0.32083,0.55946
15,0.59178,59.20194,12,0.39001,0.39468,0.52261
15,0.59178,59.20194,13,0.38398,0.36956,0.46454
15,0.59178,59.20194,14,0.37798,0.34456,0.39269
15,0.59178,59.20194,15,0.37202,0.31967,0.30715
15,0.59178,59.20194,16,0.36608,0.29492,0.20803
15,0.59178,59.20194,17,0.36018,0.2703,0.09547
15,0.59178,59.20194,18,0.3604,0.23957,0.12792
15,0.59178,59.20194,19,0.36063,0.20893,0.14623
15,0.59178,59.20194,20,0.36086,0.17837,0.15044
15,0.59178,59.20194,21,0.36109,0.1479,0.14059
15,0.59178,59.20194,22,0.36131,0.11752,0.11673
15,0.59178,59.20194,23,0.36154,0.08751,0.09999
15,0.59178,59.20194,24,0.36176,0.05789,0.09998
16,0.57102,57.44889,1,0.30061,-0.18138,0.16616
16,0.57102,57.44889,2,0.32573,-0.37588,0.24306
16,0.57102,57.44889,3,0.34472,-0.29609,0.33409
16,0.57102,57.44889,4,0.36359,-0.21679,0.41052
16,0.57102,57.44889,5,0.38234,-0.13795,0.47249
16,0.57102,57.44889,6,0.39001,-0.06198,0.51884
16,0.57102,57.44889,7,0.39001,0.01191,0.55008
16,0.57102,57.44889,8,0.39001,0.08546,0.56714
16,0.57102,57.44889,9,0.39001,0.15869,0.57009
16,0.57102,57.44889,10,0.39001,0.23159,0.55899
16,0.57102,57.44889,11,0.39001,0.30416,0.53391
16,0.57102,57.44889,12,0.39001,0.3764,0.49491
16,0.57102,57.44889,13,0.3853,0.3751,0.43787
16,0.57102,57.44889,14,0.37928,0.35294,0.36584
16,0.57102,57.44889,15,0.37328,0.33089,0.28012
16,0.57102,57.44889,16,0.36732,0.30895,0.18082
16,0.57102,57.44889,17,0.36274,0.28538,0.10246
16,0.57102,57.44889,18,0.36291,0.25574,0.13058
16,0.57102,57.44889,19,0.36308,0.22618,0.14457
16,0.57102,57.44889,20,0.36325,0.19671,0.14448
16,0.57102,57.44889,21,0.36342,0.16732,0.13034
16,0.57102,57.44889,22,0.36359,0.13802,0.10221
16,0.57102,57.44889,23,0.36376,0.10927,0.09999
16,0.57102,57.44889,24,0.36392,0.08069,0.09998
17,0.55313,56.40712,1,0.30067,-0.18198,0.16374
17,0.55313,56.40712,2,0.32584,-0.37728,0.23832
17,0.55313,56.40712,3,0.34487,-0.29897,0.32734
17,0.55313,56.40712,4,0.36379,-0.22114,0.40179
17,0.55313,56.40712,5,0.38259,-0.14375,0.46179
17,0.55313,56.40712,6,0.39001,-0.0693,0.50618
17,0.55313,56.40712,7,0.39001,0.00313,0.53553
17,0.55313,56.40712,8,0.39001,0.07524,0.5507
17,0.55313,56.40712,9,0.39001,0.14703,0.55178
17,0.55313,56.40712,10,0.39001,0.21851,0.53881
17,0.55313,56.40712,11,0.39001,0.28967,0.51187
17,0.55313,56.40712,12,0.39001,0.3605,0.47102
17,0.55313,56.40712,13,0.38664,0.3803,0.41435
17,0.55313,56.40712,14,0.38059,0.35956,0.3423
17,0.55313,56.40712,15,0.37458,0.33891,0.25656
17,0.55313,56.40712,16,0.3686,0.31837,0.15725
17,0.55313,56.40712,17,0.36535,0.29386,0.11044
17,0.55313,56.40712,18,0.36547,0.26433,0.13215
17,0.55313,56.40712,19,0.3656,0.23488,0.13975
17,0.55313,56.40712,20,0.36572,0.20551,0.13329
17,0.55313,56.40712,21,0.36585,0.17623,0.1128
17,0.55313,56.40712,22,0.36597,0.14731,0.09999
17,0.55313,56.40712,23,0.36609,0.11869,0.09998
17,0.55313,56.40712,24,0.36621,0.09023,0.09998
18,0.59178,59.20194,1,0.30054,-0.18068,0.16897
18,0.59178,59.20194,2,0.3256,-0.37426,0.24856
18,0.59178,59.20194,3,0.34453,-0.29276,0.34191
18,0.59178,59.20194,4,0.36335,-0.21178,0.42064
18,0.59178,59.20194,5,0.38206,-0.13127,0.48489
18,0.59178,59.20194,6,0.39001,-0.05356,0.53351
18,0.59178,59.20194,7,0.39001,0.022,0.56695
18,0.59178,59.20194,8,0.39001,0.09722,0.58619
18,0.59178,59.20194,9,0.39001,0.17209,0.59132
18,0.59178,59.20194,10,0.39001,0.24663,0.58239
18,0.59178,59.20194,11,0.39001,0.32083,0.55946
18,0.59178,59.20194,12,0.39001,0.39468,0.52261
18,0.59178,59.20194,13,0.38398,0.36956,0.46454
18,0.59178,59.20194,14,0.37798,0.34456,0.39269
18,0.59178,59.20194,15,0.37202,0.31967,0.30715
18,0.59178,59.20194,16,0.36608,0.29492,0.20803
18,0.59178,59.20194,17,0.36018,0.2703,0.09547
18,0.59178,59.20194,18,0.3604,0.23957,0.12792
18,0.59178,59.20194,19,0.36063,0.20893,0.14623
18,0.59178,59.20194,20,0.36086,0.17837,0.15044
18,0.59178,59.20194,21,0.36109,0.1479,0.14059
18,0.59178,59.20194,22,0.36131,0.11752,0.11673
18,0.59178,59.20194,23,0.36154,0.08751,0.09999
18,0.59178,59.20194,24,0.36176,0.05789,0.09998
19,0.59178,59.20194,1,0.30054,-0.18068,0.16897
19,0.59178,59.20194,2,0.3256,-0.37426,0.24856
19,0.59178,59.20194,3,0.34453,-0.29276,0.34191
19,0.59178,59.20194,4,0.36335,-0.21178,0.42064
19,0.59178,59.20194,5,0.38206,-0.13127,0.48489
19,0.59178,59.20194,6,0.39001,-0.05356,0.53351
19,0.59178,59.20194,7,0.39001,0.022,0.56695
19,0.59178,59.20194,8,0.39001,0.09722,0.58619
19,0.59178,59.20194,9,0.39001,0.17209,0.59132
19,0.59178,59.20194,10,0.39001,0.24663,0.58239
19,0.59178,59.20194,11,0.39001,0.32083,0.55946
19,0.59178,59.20194,12,0.39001,0.39468,0.52261
19,0.59178,59.20194,13,0.38398,0.36956,0.46454
19,0.59178,59.20194,14,0.37798,0.34456,0.39269
19,0.59178,59.20194,15,0.37202,0.31967,0.30715
19,0.59178,59.20194,16,0.36608,0.29492,0.20803
19,0.59178,59.20194,17,0.36018,0.2703,0.09547
19,0.59178,59.20194,18,0.3604,0.23957,0.12792
19,0.59178,59.20194,19,0.36063,0.20893,0.14623
19,0.59178,59.20194,20,0.36086,0.17837,0.15044
19,0.59178,59.20194,21,0.36109,0.1479,0.14059
19,0.59178,59.20194,22,0.36131,0.11752,0.11673
19,0.59178,59.20194,23,0.36154,0.08751,0.09999
19,0.59178,59.20194,24,0.36176,0.05789,0.09998
20,0.54709,57.5575,1,0.30069,-0.18218,0.16292
20,0.54709,57.5575,2,0.32588,-0.37775,0.23672
20,0.54709,57.5575,3,0.34493,-0.29995,0.32506
20,0.54709,57.5575,4,0.36385,-0.22261,0.39884
20,0.54709,57.5575,5,0.38268,-0.14572,0.45817
20,0.54709,57.5575,6,0.39001,-0.07178,0.50191
20,0.54709,57.5575,7,0.39001,0.00016,0.53061
20,0.54709,57.5575,8,0.39001,0.07177,0.54516
20,0.54709,57.5575,9,0.39001,0.14308,0.5456
20,0.54709,57.5575,10,0.39001,0.21407,0.532
20,0.54709,57.5575,11,0.39001,0.28475,0.50443
20,0.54709,57.5575,12,0.39001,0.3551,0.46296
20,0.54709,57.5575,13,0.38731,0.38425,0.40641
20,0.54709,57.5575,14,0.38127,0.36229,0.33452
20,0.54709,57.5575,15,0.37525,0.34043,0.24894
20,0.54709,57.5575,16,0.36927,0.31869,0.14979
20,0.54709,57.5575,17,0.36668,0.29192,0.10973
20,0.54709,57.5575,18,0.3668,0.26112,0.11377
20,0.54709,57.5575,19,0.36691,0.23041,0.10375
20,0.54709,57.5575,20,0.36703,0.20005,0.09999
20,0.54709,57.5575,21,0.36714,0.16988,0.09998
20,0.54709,57.5575,22,0.36725,0.1399,0.09998
20,0.54709,57.5575,23,0.36736,0.11008,0.09999
20,0.54709,57.5575,24,0.36747,0.08044,0.09999
