particle,elasticity,weight,frame,x,y,z
1,0.80759,173.28545,1,-0.17356,-0.17645,0.92021
1,0.80759,173.28545,2,-0.38927,-0.35346,0.76608
1,0.80759,173.28545,3,-0.27628,-0.35879,0.59304
1,0.80759,173.28545,4,-0.16321,-0.30262,0.41106
1,0.80759,173.28545,5,-0.05132,-0.24702,0.21698
1,0.80759,173.28545,6,0.0604,-0.18546,0.11307
1,0.80759,173.28545,7,0.17324,-0.11135,0.19946
1,0.80759,173.28545,8,0.2852,-0.03782,0.27118
1,0.80759,173.28545,9,0.39633,0.03517,0.32834
1,0.80759,173.28545,10,0.34721,0.10662,0.38363
1,0.80759,173.28545,11,0.29835,0.17769,0.42458
1,0.80759,173.28545,12,0.24975,0.24838,0.45129
1,0.80759,173.28545,13,0.20139,0.31872,0.46384
1,0.80759,173.28545,14,0.15327,0.38871,0.46229
1,0.80759,173.28545,15,0.1025,0.37217,0.4635
1,0.80759,173.28545,16,0.05191,0.35569,0.45067
1,0.80759,173.28545,17,0.00151,0.33926,0.42385
1,0.80759,173.28545,18,-0.04867,0.32291,0.38309
1,0.80759,173.28545,19,-0.09865,0.30662,0.32848
1,0.80759,173.28545,20,-0.1484,0.29041,0.2601
1,0.80759,173.28545,21,-0.19789,0.27428,0.17803
1,0.80759,173.28545,22,-0.24426,0.25895,0.09875
1,0.80759,173.28545,23,-0.26777,0.24926,0.13643
1,0.80759,173.28545,24,-0.2912,0.23961,0.15995
1,0.80759,173.28545,25,-0.31457,0.22998,0.16936
1,0.80759,173.28545,26,-0.33788,0.22037,0.1647
1,0.80759,173.28545,27,-0.36113,0.21079,0.146
1,0.80759,173.28545,28,-0.3843,0.20124,0.11331
1,0.80759,173.28545,29,-0.39001,0.19029,0.10801
1,0.80759,173.28545,30,-0.39001,0.17877,0.1082
1,0.80759,173.28545,31,-0.39001,0.16729,0.10017
1,0.80759,173.28545,32,-0.39001,0.15588,0.09998
1,0.80759,173.28545,33,-0.39,0.14452,0.09998
1,0.80759,173.28545,34,-0.39,0.13322,0.09998
1,0.80759,173.28545,35,-0.39,0.12198,0.09998
1,0.80759,173.28545,36,-0.39,0.1108,0.09998
1,0.80759,173.28545,37,-0.39,0.09967,0.09998
1,0.80759,173.28545,38,-0.39,0.08859,0.09998
1,0.80759,173.28545,39,-0.39,0.07757,0.09998
1,0.80759,173.28545,40,-0.39,0.06661,0.09998
1,0.80759,173.28545,41,-0.39,0.05569,0.09998
1,0.80759,173.28545,42,-0.39,0.04483,0.09998
1,0.80759,173.28545,43,-0.39,0.03402,0.09998
1,0.80759,173.28545,44,-0.39,0.02326,0.09998
1,0.80759,173.28545,45,-0.39,0.01255,0.09998
1,0.80759,173.28545,46,-0.39,0.00189,0.09998
1,0.80759,173.28545,47,-0.39,-0.0087,0.09998
1,0.80759,173.28545,48,-0.39,-0.01927,0.09998
1,0.80759,173.28545,49,-0.39,-0.02978,0.09998
1,0.80759,173.28545,50,-0.39,-0.04024,0.09998
1,0.80759,173.28545,51,-0.39,-0.05066,0.09998
1,0.80759,173.28545,52,-0.39,-0.06103,0.09998
1,0.80759,173.28545,53,-0.39,-0.07135,0.09998
1,0.80759,173.28545,54,-0.39,-0.08163,0.09998
1,0.80759,173.28545,55,-0.39,-0.09187,0.09998
1,0.80759,173.28545,56,-0.39,-0.10206,0.09998
1,0.80759,173.28545,57,-0.39,-0.1122,0.09998
1,0.80759,173.28545,58,-0.39,-0.1223,0.09998
1,0.80759,173.28545,59,-0.39,-0.13236,0.09998
1,0.80759,173.28545,60,-0.39,-0.14237,0.09998
1,0.80759,173.28545,61,-0.39,-0.15234,0.09999
1,0.80759,173.28545,62,-0.39,-0.16227,0.09998
1,0.80759,173.28545,63,-0.39,-0.17216,0.09998
1,0.80759,173.28545,64,-0.39,-0.182,0.09998
1,0.80759,173.28545,65,-0.39,-0.19181,0.09998
1,0.80759,173.28545,66,-0.39,-0.20157,0.09998
1,0.80759,173.28545,67,-0.39,-0.2113,0.09998
1,0.80759,173.28545,68,-0.39,-0.22098,0.09998
1,0.80759,173.28545,69,-0.39,-0.23062,0.09998
1,0.80759,173.28545,70,-0.39,-0.24023,0.09998
1,0.80759,173.28545,71,-0.39,-0.2498,0.09998
1,0.80759,173.28545,72,-0.39,-0.25932,0.09998
1,0.80759,173.28545,73,-0.39,-0.26881,0.09998
1,0.80759,173.28545,74,-0.39,-0.27826,0.09998
1,0.80759,173.28545,75,-0.39,-0.28768,0.09998
1,0.80759,173.28545,76,-0.39,-0.29706,0.09998
1,0.80759,173.28545,77,-0.39,-0.3064,0.09998
1,0.80759,173.28545,78,-0.39,-0.3157,0.09998
1,0.80759,173.28545,79,-0.39,-0.32497,0.09998
1,0.80759,173.28545,80,-0.39,-0.3342,0.09998
1,0.80759,173.28545,81,-0.39,-0.3434,0.09998
1,0.80759,173.28545,82,-0.39,-0.35256,0.09998
1,0.80759,173.28545,83,-0.39,-0.36168,0.09998
1,0.80759,173.28545,84,-0.39,-0.37077,0.09998
1,0.80759,173.28545,85,-0.39,-0.37983,0.09998
1,0.80759,173.28545,86,-0.39,-0.38885,0.09998
1,0.80759,173.28545,87,-0.38839,-0.39001,0.09998
1,0.80759,173.28545,88,-0.38658,-0.39001,0.09998
1,0.80759,173.28545,89,-0.38478,-0.39,0.09998
1,0.80759,173.28545,90,-0.38298,-0.39,0.09998
1,0.80759,173.28545,91,-0.38119,-0.39,0.09998
1,0.80759,173.28545,92,-0.3794,-0.39,0.09998
1,0.80759,173.28545,93,-0.37761,-0.39,0.09998
1,0.80759,173.28545,94,-0.37583,-0.39,0.09998
1,0.80759,173.28545,95,-0.37406,-0.39,0.09998
1,0.80759,173.28545,96,-0.37228,-0.39,0.09998
1,0.80759,173.28545,97,-0.37052,-0.39,0.09998
1,0.80759,173.28545,98,-0.36875,-0.39,0.09998
1,0.80759,173.28545,99,-0.367,-0.39,0.09998
1,0.80759,173.28545,100,-0.36524,-0.39,0.09998
1,0.80759,173.28545,101,-0.36349,-0.39,0.09998
1,0.80759,173.28545,102,-0.36175,-0.39,0.09998
1,0.80759,173.28545,103,-0.36001,-0.39,0.09998
1,0.80759,173.28545,104,-0.35827,-0.39,0.09998
1,0.80759,173.28545,105,-0.35654,-0.39,0.09998
1,0.80759,173.28545,106,-0.35481,-0.39,0.09998
1,0.80759,173.28545,107,-0.35309,-0.39,0.09998
1,0.80759,173.28545,108,-0.35137,-0.39,0.09998
1,0.80759,173.28545,109,-0.34965,-0.39,0.09998
1,0.80759,173.28545,110,-0.34794,-0.39,0.09998
1,0.80759,173.28545,111,-0.34624,-0.39,0.09998
1,0.80759,173.28545,112,-0.34453,-0.39,0.09998
1,0.80759,173.28545,113,-0.34283,-0.39,0.09998
1,0.80759,173.28545,114,-0.34114,-0.39,0.09998
1,0.80759,173.28545,115,-0.33945,-0.39,0.09998
1,0.80759,173.28545,116,-0.33776,-0.39,0.09998
1,0.80759,173.28545,117,-0.33608,-0.39,0.09998
1,0.80759,173.28545,118,-0.33441,-0.39,0.09998
1,0.80759,173.28545,119,-0.33273,-0.39,0.09998
1,0.80759,173.28545,120,-0.33106,-0.39,0.09998
2,0.80759,186.03218,1,-0.17356,-0.17645,0.92021
2,0.80759,186.03218,2,-0.38927,-0.35346,0.76608
2,0.80759,186.03218,3,-0.27628,-0.35879,0.59304
2,0.80759,186.03218,4,-0.16321,-0.30262,0.41106
2,0.80759,186.03218,5,-0.05132,-0.24702,0.21698
2,0.80759,186.03218,6,0.0604,-0.18546,0.11307
2,0.80759,186.03218,7,0.17324,-0.11135,0.19946
2,0.80759,186.03218,8,0.2852,-0.03782,0.27118
2,0.80759,186.03218,9,0.39633,0.03517,0.32834
2,0.80759,186.03218,10,0.34721,0.10662,0.38363
2,0.80759,186.03218,11,0.29835,0.17769,0.42458
2,0.80759,186.03218,12,0.24975,0.24838,0.45129
2,0.80759,186.03218,13,0.20139,0.31872,0.46384
2,0.80759,186.03218,14,0.15327,0.38871,0.46229
2,0.80759,186.03218,15,0.1025,0.37217,0.4635
2,0.80759,186.03218,16,0.05191,0.35569,0.45067
2,0.80759,186.03218,17,0.00151,0.33926,0.42385
2,0.80759,186.03218,18,-0.04867,0.32291,0.38309
2,0.80759,186.03218,19,-0.09865,0.30662,0.32848
2,0.80759,186.03218,20,-0.1484,0.29041,0.2601
2,0.80759,186.03218,21,-0.19789,0.27428,0.17803
2,0.80759,186.03218,22,-0.24426,0.25895,0.09875
2,0.80759,186.03218,23,-0.26777,0.24926,0.13643
2,0.80759,186.03218,24,-0.2912,0.23961,0.15995
2,0.80759,186.03218,25,-0.31457,0.22998,0.16936
2,0.80759,186.03218,26,-0.33788,0.22037,0.1647
2,0.80759,186.03218,27,-0.36113,0.21079,0.146
2,0.80759,186.03218,28,-0.3843,0.20124,0.11331
2,0.80759,186.03218,29,-0.39001,0.19029,0.10801
2,0.80759,186.03218,30,-0.39001,0.17877,0.1082
2,0.80759,186.03218,31,-0.39001,0.16729,0.10017
2,0.80759,186.03218,32,-0.39001,0.15588,0.09998
2,0.80759,186.03218,33,-0.39,0.14452,0.09998
2,0.80759,186.03218,34,-0.39,0.13322,0.09998
2,0.80759,186.03218,35,-0.39,0.12198,0.09998
2,0.80759,186.03218,36,-0.39,0.1108,0.09998
2,0.80759,186.03218,37,-0.39,0.09967,0.09998
2,0.80759,186.03218,38,-0.39,0.08859,0.09998
2,0.80759,186.03218,39,-0.39,0.07757,0.09998
2,0.80759,186.03218,40,-0.39,0.06661,0.09998
2,0.80759,186.03218,41,-0.39,0.05569,0.09998
2,0.80759,186.03218,42,-0.39,0.04483,0.09998
2,0.80759,186.03218,43,-0.39,0.03402,0.09998
2,0.80759,186.03218,44,-0.39,0.02326,0.09998
2,0.80759,186.03218,45,-0.39,0.01255,0.09998
2,0.80759,186.03218,46,-0.39,0.00189,0.09998
2,0.80759,186.03218,47,-0.39,-0.0087,0.09998
2,0.80759,186.03218,48,-0.39,-0.01927,0.09998
2,0.80759,186.03218,49,-0.39,-0.02978,0.09998
2,0.80759,186.03218,50,-0.39,-0.04024,0.09998
2,0.80759,186.03218,51,-0.39,-0.05066,0.09998
2,0.80759,186.03218,52,-0.39,-0.06103,0.09998
2,0.80759,186.03218,53,-0.39,-0.07135,0.09998
2,0.80759,186.03218,54,-0.39,-0.08163,0.09998
2,0.80759,186.03218,55,-0.39,-0.09187,0.09998
2,0.80759,186.03218,56,-0.39,-0.10206,0.09998
2,0.80759,186.03218,57,-0.39,-0.1122,0.09998
2,0.80759,186.03218,58,-0.39,-0.1223,0.09998
2,0.80759,186.03218,59,-0.39,-0.13236,0.09998
2,0.80759,186.03218,60,-0.39,-0.14237,0.09998
2,0.80759,186.03218,61,-0.39,-0.15234,0.09999
2,0.80759,186.03218,62,-0.39,-0.16227,0.09998
2,0.80759,186.03218,63,-0.39,-0.17216,0.09998
2,0.80759,186.03218,64,-0.39,-0.182,0.09998
2,0.80759,186.03218,65,-0.39,-0.19181,0.09998
2,0.80759,186.03218,66,-0.39,-0.20157,0.09998
2,0.80759,186.03218,67,-0.39,-0.2113,0.09998
2,0.80759,186.03218,68,-0.39,-0.22098,0.09998
2,0.80759,186.03218,69,-0.39,-0.23062,0.09998
2,0.80759,186.03218,70,-0.39,-0.24023,0.09998
2,0.80759,186.03218,71,-0.39,-0.2498,0.09998
2,0.80759,186.03218,72,-0.39,-0.25932,0.09998
2,0.80759,186.03218,73,-0.39,-0.26881,0.09998
2,0.80759,186.03218,74,-0.39,-0.27826,0.09998
2,0.80759,186.03218,75,-0.39,-0.28768,0.09998
2,0.80759,186.03218,76,-0.39,-0.29706,0.09998
2,0.80759,186.03218,77,-0.39,-0.3064,0.09998
2,0.80759,186.03218,78,-0.39,-0.3157,0.09998
2,0.80759,186.03218,79,-0.39,-0.32497,0.09998
2,0.80759,186.03218,80,-0.39,-0.3342,0.09998
2,0.80759,186.03218,81,-0.39,-0.3434,0.09998
2,0.80759,186.03218,82,-0.39,-0.35256,0.09998
2,0.80759,186.03218,83,-0.39,-0.36168,0.09998
2,0.80759,186.03218,84,-0.39,-0.37077,0.09998
2,0.80759,186.03218,85,-0.39,-0.37983,0.09998
2,0.80759,186.03218,86,-0.39,-0.38885,0.09998
2,0.80759,186.03218,87,-0.38839,-0.39001,0.09998
2,0.80759,186.03218,88,-0.38658,-0.39001,0.09998
2,0.80759,186.03218,89,-0.38478,-0.39,0.09998
2,0.80759,186.03218,90,-0.38298,-0.39,0.09998
2,0.80759,186.03218,91,-0.38119,-0.39,0.09998
2,0.80759,186.03218,92,-0.3794,-0.39,0.09998
2,0.80759,186.03218,93,-0.37761,-0.39,0.09998
2,0.80759,186.03218,94,-0.37583,-0.39,0.09998
2,0.80759,186.03218,95,-0.37406,-0.39,0.09998
2,0.80759,186.03218,96,-0.37228,-0.39,0.09998
2,0.80759,186.03218,97,-0.37052,-0.39,0.09998
2,0.80759,186.03218,98,-0.36875,-0.39,0.09998
2,0.80759,186.03218,99,-0.367,-0.39,0.09998
2,0.80759,186.03218,100,-0.36524,-0.39,0.09998
2,0.80759,186.03218,101,-0.36349,-0.39,0.09998
2,0.80759,186.03218,102,-0.36175,-0.39,0.09998
2,0.80759,186.03218,103,-0.36001,-0.39,0.09998
2,0.80759,186.03218,104,-0.35827,-0.39,0.09998
2,0.80759,186.03218,105,-0.35654,-0.39,0.09998
2,0.80759,186.03218,106,-0.35481,-0.39,0.09998
2,0.80759,186.03218,107,-0.35309,-0.39,0.09998
2,0.80759,186.03218,108,-0.35137,-0.39,0.09998
2,0.80759,186.03218,109,-0.34965,-0.39,0.09998
2,0.80759,186.03218,110,-0.34794,-0.39,0.09998
2,0.80759,186.03218,111,-0.34624,-0.39,0.09998
2,0.80759,186.03218,112,-0.34453,-0.39,0.09998
2,0.80759,186.03218,113,-0.34283,-0.39,0.09998
2,0.80759,186.03218,114,-0.34114,-0.39,0.09998
2,0.80759,186.03218,115,-0.33945,-0.39,0.09998
2,0.80759,186.03218,116,-0.33776,-0.39,0.09998
2,0.80759,186.03218,117,-0.33608,-0.39,0.09998
2,0.80759,186.03218,118,-0.33441,-0.39,0.09998
2,0.80759,186.03218,119,-0.33273,-0.39,0.09998
2,0.80759,186.03218,120,-0.33106,-0.39,0.09998
3,0.80759,199.72852,1,-0.17356,-0.17645,0.92021
3,0.80759,199.72852,2,-0.38927,-0.35346,0.76608
3,0.80759,199.72852,3,-0.27628,-0.35879,0.59304
3,0.80759,199.72852,4,-0.16321,-0.30262,0.41106
3,0.80759,199.72852,5,-0.05132,-0.24702,0.21698
3,0.80759,199.72852,6,0.0604,-0.18546,0.11307
3,0.80759,199.72852,7,0.17324,-0.11135,0.19946
3,0.80759,199.72852,8,0.2852,-0.03782,0.27118
3,0.80759,199.72852,9,0.39633,0.03517,0.32834
3,0.80759,199.72852,10,0.34721,0.10662,0.38363
3,0.80759,199.72852,11,0.29835,0.17769,0.42458
3,0.80759,199.72852,12,0.24975,0.24838,0.45129
3,0.80759,199.72852,13,0.20139,0.31872,0.46384
3,0.80759,199.72852,14,0.15327,0.38871,0.46229
3,0.80759,199.72852,15,0.1025,0.37217,0.4635
3,0.80759,199.72852,16,0.05191,0.35569,0.45067
3,0.80759,199.72852,17,0.00151,0.33926,0.42385
3,0.80759,199.72852,18,-0.04867,0.32291,0.38309
3,0.80759,199.72852,19,-0.09865,0.30662,0.32848
3,0.80759,199.72852,20,-0.1484,0.29041,0.2601
3,0.80759,199.72852,21,-0.19789,0.27428,0.17803
3,0.80759,199.72852,22,-0.24426,0.25895,0.09875
3,0.80759,199.72852,23,-0.26777,0.24926,0.13643
3,0.80759,199.72852,24,-0.2912,0.23961,0.15995
3,0.80759,199.72852,25,-0.31457,0.22998,0.16936
3,0.80759,199.72852,26,-0.33788,0.22037,0.1647
3,0.80759,199.72852,27,-0.36113,0.21079,0.146
3,0.80759,199.72852,28,-0.3843,0.20124,0.11331
3,0.80759,199.72852,29,-0.39001,0.19029,0.10801
3,0.80759,199.72852,30,-0.39001,0.17877,0.1082
3,0.80759,199.72852,31,-0.39001,0.16729,0.10017
3,0.80759,199.72852,32,-0.39001,0.15588,0.09998
3,0.80759,199.72852,33,-0.39,0.14452,0.09998
3,0.80759,199.72852,34,-0.39,0.13322,0.09998
3,0.80759,199.72852,35,-0.39,0.12198,0.09998
3,0.80759,199.72852,36,-0.39,0.1108,0.09998
3,0.80759,199.72852,37,-0.39,0.09967,0.09998
3,0.80759,199.72852,38,-0.39,0.08859,0.09998
3,0.80759,199.72852,39,-0.39,0.07757,0.09998
3,0.80759,199.72852,40,-0.39,0.06661,0.09998
3,0.80759,199.72852,41,-0.39,0.05569,0.09998
3,0.80759,199.72852,42,-0.39,0.04483,0.09998
3,0.80759,199.72852,43,-0.39,0.03402,0.09998
3,0.80759,199.72852,44,-0.39,0.02326,0.09998
3,0.80759,199.72852,45,-0.39,0.01255,0.09998
3,0.80759,199.72852,46,-0.39,0.00189,0.09998
3,0.80759,199.72852,47,-0.39,-0.0087,0.09998
3,0.80759,199.72852,48,-0.39,-0.01927,0.09998
3,0.80759,199.72852,49,-0.39,-0.02978,0.09998
3,0.80759,199.72852,50,-0.39,-0.04024,0.09998
3,0.80759,199.72852,51,-0.39,-0.05066,0.09998
3,0.80759,199.72852,52,-0.39,-0.06103,0.09998
3,0.80759,199.72852,53,-0.39,-0.07135,0.09998
3,0.80759,199.72852,54,-0.39,-0.08163,0.09998
3,0.80759,199.72852,55,-0.39,-0.09187,0.09998
3,0.80759,199.72852,56,-0.39,-0.10206,0.09998
3,0.80759,199.72852,57,-0.39,-0.1122,0.09998
3,0.80759,199.72852,58,-0.39,-0.1223,0.09998
3,0.80759,199.72852,59,-0.39,-0.13236,0.09998
3,0.80759,199.72852,60,-0.39,-0.14237,0.09998
3,0.80759,199.72852,61,-0.39,-0.15234,0.09999
3,0.80759,199.72852,62,-0.39,-0.16227,0.09998
3,0.80759,199.72852,63,-0.39,-0.17216,0.09998
3,0.80759,199.72852,64,-0.39,-0.182,0.09998
3,0.80759,199.72852,65,-0.39,-0.19181,0.09998
3,0.80759,199.72852,66,-0.39,-0.20157,0.09998
3,0.80759,199.72852,67,-0.39,-0.2113,0.09998
3,0.80759,199.72852,68,-0.39,-0.22098,0.09998
3,0.80759,199.72852,69,-0.39,-0.23062,0.09998
3,0.80759,199.72852,70,-0.39,-0.24023,0.09998
3,0.80759,199.72852,71,-0.39,-0.2498,0.09998
3,0.80759,199.72852,72,-0.39,-0.25932,0.09998
3,0.80759,199.72852,73,-0.39,-0.26881,0.09998
3,0.80759,199.72852,74,-0.39,-0.27826,0.09998
3,0.80759,199.72852,75,-0.39,-0.28768,0.09998
3,0.80759,199.72852,76,-0.39,-0.29706,0.09998
3,0.80759,199.72852,77,-0.39,-0.3064,0.09998
3,0.80759,199.72852,78,-0.39,-0.3157,0.09998
3,0.80759,199.72852,79,-0.39,-0.32497,0.09998
3,0.80759,199.72852,80,-0.39,-0.3342,0.09998
3,0.80759,199.72852,81,-0.39,-0.3434,0.09998
3,0.80759,199.72852,82,-0.39,-0.35256,0.09998
3,0.80759,199.72852,83,-0.39,-0.36168,0.09998
3,0.80759,199.72852,84,-0.39,-0.37077,0.09998
3,0.80759,199.72852,85,-0.39,-0.37983,0.09998
3,0.80759,199.72852,86,-0.39,-0.38885,0.09998
3,0.80759,199.72852,87,-0.38839,-0.39001,0.09998
3,0.80759,199.72852,88,-0.38658,-0.39001,0.09998
3,0.80759,199.72852,89,-0.38478,-0.39,0.09998
3,0.80759,199.72852,90,-0.38298,-0.39,0.09998
3,0.80759,199.72852,91,-0.38119,-0.39,0.09998
3,0.80759,199.72852,92,-0.3794,-0.39,0.09998
3,0.80759,199.72852,93,-0.37761,-0.39,0.09998
3,0.80759,199.72852,94,-0.37583,-0.39,0.09998
3,0.80759,199.72852,95,-0.37406,-0.39,0.09998
3,0.80759,199.72852,96,-0.37228,-0.39,0.09998
3,0.80759,199.72852,97,-0.37052,-0.39,0.09998
3,0.80759,199.72852,98,-0.36875,-0.39,0.09998
3,0.80759,199.72852,99,-0.367,-0.39,0.09998
3,0.80759,199.72852,100,-0.36524,-0.39,0.09998
3,0.80759,199.72852,101,-0.36349,-0.39,0.09998
3,0.80759,199.72852,102,-0.36175,-0.39,0.09998
3,0.80759,199.72852,103,-0.36001,-0.39,0.09998
3,0.80759,199.72852,104,-0.35827,-0.39,0.09998
3,0.80759,199.72852,105,-0.35654,-0.39,0.09998
3,0.80759,199.72852,106,-0.35481,-0.39,0.09998
3,0.80759,199.72852,107,-0.35309,-0.39,0.09998
3,0.80759,199.72852,108,-0.35137,-0.39,0.09998
3,0.80759,199.72852,109,-0.34965,-0.39,0.09998
3,0.80759,199.72852,110,-0.34794,-0.39,0.09998
3,0.80759,199.72852,111,-0.34624,-0.39,0.09998
3,0.80759,199.72852,112,-0.34453,-0.39,0.09998
3,0.80759,199.72852,113,-0.34283,-0.39,0.09998
3,0.80759,199.72852,114,-0.34114,-0.39,0.09998
3,0.80759,199.72852,115,-0.33945,-0.39,0.09998
3,0.80759,199.72852,116,-0.33776,-0.39,0.09998
3,0.80759,199.72852,117,-0.33608,-0.39,0.09998
3,0.80759,199.72852,118,-0.33441,-0.39,0.09998
3,0.80759,199.72852,119,-0.33273,-0.39,0.09998
3,0.80759,199.72852,120,-0.33106,-0.39,0.09998
4,0.84355,188.68063,1,-0.17356,-0.17645,0.92021
4,0.84355,188.68063,2,-0.38789,-0.35267,0.76063
4,0.84355,188.68063,3,-0.27231,-0.35691,0.58363
4,0.84355,188.68063,4,-0.15707,-0.29939,0.39804
4,0.84355,188.68063,5,-0.04306,-0.24248,0.20042
4,0.84355,188.68063,6,0.07126,-0.17721,0.12855
4,0.84355,188.68063,7,0.18655,-0.10133,0.21468
4,0.84355,188.68063,8,0.30094,-0.02605,0.28611
4,0.84355,188.68063,9,0.38009,0.04841,0.34574
4,0.84355,188.68063,10,0.33877,0.12157,0.40057
4,0.84355,188.68063,11,0.29767,0.19433,0.44108
4,0.84355,188.68063,12,0.25678,0.26672,0.46736
4,0.84355,188.68063,13,0.2161,0.33875,0.47947
4,0.84355,188.68063,14,0.1738,0.38678,0.48281
4,0.84355,188.68063,15,0.12806,0.38738,0.48271
4,0.84355,188.68063,16,0.08247,0.38798,0.46858
4,0.84355,188.68063,17,0.03704,0.38858,0.44046
4,0.84355,188.68063,18,-0.00821,0.38918,0.3984
4,0.84355,188.68063,19,-0.05328,0.38977,0.34249
4,0.84355,188.68063,20,-0.09814,0.39001,0.27288
4,0.84355,188.68063,21,-0.14276,0.39001,0.18965
4,0.84355,188.68063,22,-0.18715,0.39001,0.09285
4,0.84355,188.68063,23,-0.20704,0.39001,0.13565
4,0.84355,188.68063,24,-0.22687,0.39,0.16428
4,0.84355,188.68063,25,-0.24664,0.39,0.17878
4,0.84355,188.68063,26,-0.26637,0.39,0.1792
4,0.84355,188.68063,27,-0.28605,0.39,0.16557
4,0.84355,188.68063,28,-0.30567,0.39,0.13793
4,0.84355,188.68063,29,-0.32519,0.39,0.10222
4,0.84355,188.68063,30,-0.34417,0.39,0.1004
4,0.84355,188.68063,31,-0.36301,0.39001,0.09998
4,0.84355,188.68063,32,-0.38173,0.39,0.09998
4,0.84355,188.68063,33,-0.39001,0.38789,0.09998
4,0.84355,188.68063,34,-0.39001,0.38428,0.09998
4,0.84355,188.68063,35,-0.39001,0.38075,0.09998
4,0.84355,188.68063,36,-0.39,0.37723,0.09998
4,0.84355,188.68063,37,-0.39,0.37373,0.09998
4,0.84355,188.68063,38,-0.39,0.37024,0.09998
4,0.84355,188.68063,39,-0.39,0.36676,0.09998
4,0.84355,188.68063,40,-0.39,0.36329,0.09998
4,0.84355,188.68063,41,-0.39,0.35984,0.09998
4,0.84355,188.68063,42,-0.39,0.35639,0.09998
4,0.84355,188.68063,43,-0.39,0.35296,0.09998
4,0.84355,188.68063,44,-0.39,0.34955,0.09998
4,0.84355,188.68063,45,-0.39,0.34614,0.09998
4,0.84355,188.68063,46,-0.39,0.34274,0.09998
4,0.84355,188.68063,47,-0.39,0.33936,0.09998
4,0.84355,188.68063,48,-0.39,0.33599,0.09998
4,0.84355,188.68063,49,-0.39,0.33263,0.09998
4,0.84355,188.68063,50,-0.39,0.32928,0.09998
4,0.84355,188.68063,51,-0.39,0.32594,0.09998
4,0.84355,188.68063,52,-0.39,0.32262,0.09998
4,0.84355,188.68063,53,-0.39,0.3193,0.09998
4,0.84355,188.68063,54,-0.39,0.316,0.09998
4,0.84355,188.68063,55,-0.39,0.31271,0.09998
4,0.84355,188.68063,56,-0.39,0.30942,0.09998
4,0.84355,188.68063,57,-0.39,0.30615,0.09998
4,0.84355,188.68063,58,-0.39,0.30289,0.09998
4,0.84355,188.68063,59,-0.39,0.29964,0.09998
4,0.84355,188.68063,60,-0.39,0.2964,0.09998
4,0.84355,188.68063,61,-0.39,0.29318,0.09998
4,0.84355,188.68063,62,-0.39,0.28996,0.09998
4,0.84355,188.68063,63,-0.39,0.28675,0.09998
4,0.84355,188.68063,64,-0.39,0.28355,0.09998
4,0.84355,188.68063,65,-0.39,0.28037,0.09998
4,0.84355,188.68063,66,-0.39,0.27719,0.09998
4,0.84355,188.68063,67,-0.39,0.27402,0.09998
4,0.84355,188.68063,68,-0.39,0.27087,0.09998
4,0.84355,188.68063,69,-0.39,0.26772,0.09998
4,0.84355,188.68063,70,-0.39,0.26458,0.09998
4,0.84355,188.68063,71,-0.39,0.26146,0.09998
4,0.84355,188.68063,72,-0.39,0.25834,0.09998
4,0.84355,188.68063,73,-0.39,0.25523,0.09998
4,0.84355,188.68063,74,-0.39,0.25213,0.09998
4,0.84355,188.68063,75,-0.39,0.24905,0.09998
4,0.84355,188.68063,76,-0.39,0.24597,0.09998
4,0.84355,188.68063,77,-0.39,0.2429,0.09998
4,0.84355,188.68063,78,-0.39,0.23984,0.09998
4,0.84355,188.68063,79,-0.39,0.23679,0.09998
4,0.84355,188.68063,80,-0.39,0.23375,0.09998
4,0.84355,188.68063,81,-0.39,0.23071,0.09998
4,0.84355,188.68063,82,-0.39,0.22769,0.09998
4,0.84355,188.68063,83,-0.39,0.22468,0.09998
4,0.84355,188.68063,84,-0.39,0.22167,0.09998
4,0.84355,188.68063,85,-0.39,0.21868,0.09998
4,0.84355,188.68063,86,-0.39,0.21569,0.09998
4,0.84355,188.68063,87,-0.39,0.21271,0.09998
4,0.84355,188.68063,88,-0.39,0.20975,0.09998
4,0.84355,188.68063,89,-0.39,0.20679,0.09998
4,0.84355,188.68063,90,-0.39,0.20383,0.09998
4,0.84355,188.68063,91,-0.39,0.20089,0.09998
4,0.84355,188.68063,92,-0.39,0.19796,0.09998
4,0.84355,188.68063,93,-0.39,0.19503,0.09998
4,0.84355,188.68063,94,-0.39,0.19212,0.09998
4,0.84355,188.68063,95,-0.39,0.18921,0.09998
4,0.84355,188.68063,96,-0.39,0.18631,0.09998
4,0.84355,188.68063,97,-0.39,0.18342,0.09998
4,0.84355,188.68063,98,-0.39,0.18053,0.09998
4,0.84355,188.68063,99,-0.39,0.17766,0.09998
4,0.84355,188.68063,100,-0.39,0.17479,0.09998
4,0.84355,188.68063,101,-0.39,0.17193,0.09998
4,0.84355,188.68063,102,-0.39,0.16908,0.09998
4,0.84355,188.68063,103,-0.39,0.16624,0.09998
4,0.84355,188.68063,104,-0.39,0.16341,0.09998
4,0.84355,188.68063,105,-0.39,0.16058,0.09998
4,0.84355,188.68063,106,-0.39,0.15776,0.09998
4,0.84355,188.68063,107,-0.39,0.15496,0.09998
4,0.84355,188.68063,108,-0.39,0.15215,0.09998
4,0.84355,188.68063,109,-0.39,0.14936,0.09998
4,0.84355,188.68063,110,-0.39,0.14657,0.09998
4,0.84355,188.68063,111,-0.39,0.14379,0.09998
4,0.84355,188.68063,112,-0.39,0.14102,0.09998
4,0.84355,188.68063,113,-0.38999,0.13826,0.09998
4,0.84355,188.68063,114,-0.38999,0.13551,0.09998
4,0.84355,188.68063,115,-0.38999,0.13276,0.09998
4,0.84355,188.68063,116,-0.38999,0.13002,0.09998
4,0.84355,188.68063,117,-0.38999,0.12728,0.09998
4,0.84355,188.68063,118,-0.38999,0.12456,0.09998
4,0.84355,188.68063,119,-0.38999,0.12184,0.09998
4,0.84355,188.68063,120,-0.38999,0.11913,0.09998
5,0.80759,192.51156,1,-0.17356,-0.17645,0.92021
5,0.80759,192.51156,2,-0.38927,-0.35346,0.76608
5,0.80759,192.51156,3,-0.27628,-0.35879,0.59304
5,0.80759,192.51156,4,-0.16321,-0.30262,0.41106
5,0.80759,192.51156,5,-0.05132,-0.24702,0.21698
5,0.80759,192.51156,6,0.0604,-0.18546,0.11307
5,0.80759,192.51156,7,0.17324,-0.11135,0.19946
5,0.80759,192.51156,8,0.2852,-0.03782,0.27118
5,0.80759,192.51156,9,0.39633,0.03517,0.32834
5,0.80759,192.51156,10,0.34721,0.10662,0.38363
5,0.80759,192.51156,11,0.29835,0.17769,0.42458
5,0.80759,192.51156,12,0.24975,0.24838,0.45129
5,0.80759,192.51156,13,0.20139,0.31872,0.46384
5,0.80759,192.51156,14,0.15327,0.38871,0.46229
5,0.80759,192.51156,15,0.1025,0.37217,0.4635
5,0.80759,192.51156,16,0.05191,0.35569,0.45067
5,0.80759,192.51156,17,0.00151,0.33926,0.42385
5,0.80759,192.51156,18,-0.04867,0.32291,0.38309
5,0.80759,192.51156,19,-0.09865,0.30662,0.32848
5,0.80759,192.51156,20,-0.1484,0.29041,0.2601
5,0.80759,192.51156,21,-0.19789,0.27428,0.17803
5,0.80759,192.51156,22,-0.24426,0.25895,0.09875
5,0.80759,192.51156,23,-0.26777,0.24926,0.13643
5,0.80759,192.51156,24,-0.2912,0.23961,0.15995
5,0.80759,192.51156,25,-0.31457,0.22998,0.16936
5,0.80759,192.51156,26,-0.33788,0.22037,0.1647
5,0.80759,192.51156,27,-0.36113,0.21079,0.146
5,0.80759,192.51156,28,-0.3843,0.20124,0.11331
5,0.80759,192.51156,29,-0.39001,0.19029,0.10801
5,0.80759,192.51156,30,-0.39001,0.17877,0.1082
5,0.80759,192.51156,31,-0.39001,0.16729,0.10017
5,0.80759,192.51156,32,-0.39001,0.15588,0.09998
5,0.80759,192.51156,33,-0.39,0.14452,0.09998
5,0.80759,192.51156,34,-0.39,0.13322,0.09998
5,0.80759,192.51156,35,-0.39,0.12198,0.09998
5,0.80759,192.51156,36,-0.39,0.1108,0.09998
5,0.80759,192.51156,37,-0.39,0.09967,0.09998
5,0.80759,192.51156,38,-0.39,0.08859,0.09998
5,0.80759,192.51156,39,-0.39,0.07757,0.09998
5,0.80759,192.51156,40,-0.39,0.06661,0.09998
5,0.80759,192.51156,41,-0.39,0.05569,0.09998
5,0.80759,192.51156,42,-0.39,0.04483,0.09998
5,0.80759,192.51156,43,-0.39,0.03402,0.09998
5,0.80759,192.51156,44,-0.39,0.02326,0.09998
5,0.80759,192.51156,45,-0.39,0.01255,0.09998
5,0.80759,192.51156,46,-0.39,0.00189,0.09998
5,0.80759,192.51156,47,-0.39,-0.0087,0.09998
5,0.80759,192.51156,48,-0.39,-0.01927,0.09998
5,0.80759,192.51156,49,-0.39,-0.02978,0.09998
5,0.80759,192.51156,50,-0.39,-0.04024,0.09998
5,0.80759,192.51156,51,-0.39,-0.05066,0.09998
5,0.80759,192.51156,52,-0.39,-0.06103,0.09998
5,0.80759,192.51156,53,-0.39,-0.07135,0.09998
5,0.80759,192.51156,54,-0.39,-0.08163,0.09998
5,0.80759,192.51156,55,-0.39,-0.09187,0.09998
5,0.80759,192.51156,56,-0.39,-0.10206,0.09998
5,0.80759,192.51156,57,-0.39,-0.1122,0.09998
5,0.80759,192.51156,58,-0.39,-0.1223,0.09998
5,0.80759,192.51156,59,-0.39,-0.13236,0.09998
5,0.80759,192.51156,60,-0.39,-0.14237,0.09998
5,0.80759,192.51156,61,-0.39,-0.15234,0.09999
5,0.80759,192.51156,62,-0.39,-0.16227,0.09998
5,0.80759,192.51156,63,-0.39,-0.17216,0.09998
5,0.80759,192.51156,64,-0.39,-0.182,0.09998
5,0.80759,192.51156,65,-0.39,-0.19181,0.09998
5,0.80759,192.51156,66,-0.39,-0.20157,0.09998
5,0.80759,192.51156,67,-0.39,-0.2113,0.09998
5,0.80759,192.51156,68,-0.39,-0.22098,0.09998
5,0.80759,192.51156,69,-0.39,-0.23062,0.09998
5,0.80759,192.51156,70,-0.39,-0.24023,0.09998
5,0.80759,192.51156,71,-0.39,-0.2498,0.09998
5,0.80759,192.51156,72,-0.39,-0.25932,0.09998
5,0.80759,192.51156,73,-0.39,-0.26881,0.09998
5,0.80759,192.51156,74,-0.39,-0.27826,0.09998
5,0.80759,192.51156,75,-0.39,-0.28768,0.09998
5,0.80759,192.51156,76,-0.39,-0.29706,0.09998
5,0.80759,192.51156,77,-0.39,-0.3064,0.09998
5,0.80759,192.51156,78,-0.39,-0.3157,0.09998
5,0.80759,192.51156,79,-0.39,-0.32497,0.09998
5,0.80759,192.51156,80,-0.39,-0.3342,0.09998
5,0.80759,192.51156,81,-0.39,-0.3434,0.09998
5,0.80759,192.51156,82,-0.39,-0.35256,0.09998
5,0.80759,192.51156,83,-0.39,-0.36168,0.09998
5,0.80759,192.51156,84,-0.39,-0.37077,0.09998
5,0.80759,192.51156,85,-0.39,-0.37983,0.09998
5,0.80759,192.51156,86,-0.39,-0.38885,0.09998
5,0.80759,192.51156,87,-0.38839,-0.39001,0.09998
5,0.80759,192.51156,88,-0.38658,-0.39001,0.09998
5,0.80759,192.51156,89,-0.38478,-0.39,0.09998
5,0.80759,192.51156,90,-0.38298,-0.39,0.09998
5,0.80759,192.51156,91,-0.38119,-0.39,0.09998
5,0.80759,192.51156,92,-0.3794,-0.39,0.09998
5,0.80759,192.51156,93,-0.37761,-0.39,0.09998
5,0.80759,192.51156,94,-0.37583,-0.39,0.09998
5,0.80759,192.51156,95,-0.37406,-0.39,0.09998
5,0.80759,192.51156,96,-0.37228,-0.39,0.09998
5,0.80759,192.51156,97,-0.37052,-0.39,0.09998
5,0.80759,192.51156,98,-0.36875,-0.39,0.09998
5,0.80759,192.51156,99,-0.367,-0.39,0.09998
5,0.80759,192.51156,100,-0.36524,-0.39,0.09998
5,0.80759,192.51156,101,-0.36349,-0.39,0.09998
5,0.80759,192.51156,102,-0.36175,-0.39,0.09998
5,0.80759,192.51156,103,-0.36001,-0.39,0.09998
5,0.80759,192.51156,104,-0.35827,-0.39,0.09998
5,0.80759,192.51156,105,-0.35654,-0.39,0.09998
5,0.80759,192.51156,106,-0.35481,-0.39,0.09998
5,0.80759,192.51156,107,-0.35309,-0.39,0.09998
5,0.80759,192.51156,108,-0.35137,-0.39,0.09998
5,0.80759,192.51156,109,-0.34965,-0.39,0.09998
5,0.80759,192.51156,110,-0.34794,-0.39,0.09998
5,0.80759,192.51156,111,-0.34624,-0.39,0.09998
5,0.80759,192.51156,112,-0.34453,-0.39,0.09998
5,0.80759,192.51156,113,-0.34283,-0.39,0.09998
5,0.80759,192.51156,114,-0.34114,-0.39,0.09998
5,0.80759,192.51156,115,-0.33945,-0.39,0.09998
5,0.80759,192.51156,116,-0.33776,-0.39,0.09998
5,0.80759,192.51156,117,-0.33608,-0.39,0.09998
5,0.80759,192.51156,118,-0.33441,-0.39,0.09998
5,0.80759,192.51156,119,-0.33273,-0.39,0.09998
5,0.80759,192.51156,120,-0.33106,-0.39,0.09998
6,0.80759,198.70461,1,-0.17356,-0.17645,0.92021
6,0.80759,198.70461,2,-0.38927,-0.35346,0.76608
6,0.80759,198.70461,3,-0.27628,-0.35879,0.59304
6,0.80759,198.70461,4,-0.16321,-0.30262,0.41106
6,0.80759,198.70461,5,-0.05132,-0.24702,0.21698
6,0.80759,198.70461,6,0.0604,-0.18546,0.11307
6,0.80759,198.70461,7,0.17324,-0.11135,0.19946
6,0.80759,198.70461,8,0.2852,-0.03782,0.27118
6,0.80759,198.70461,9,0.39633,0.03517,0.32834
6,0.80759,198.70461,10,0.34721,0.10662,0.38363
6,0.80759,198.70461,11,0.29835,0.17769,0.42458
6,0.80759,198.70461,12,0.24975,0.24838,0.45129
6,0.80759,198.70461,13,0.20139,0.31872,0.46384
6,0.80759,198.70461,14,0.15327,0.38871,0.46229
6,0.80759,198.70461,15,0.1025,0.37217,0.4635
6,0.80759,198.70461,16,0.05191,0.35569,0.45067
6,0.80759,198.70461,17,0.00151,0.33926,0.42385
6,0.80759,198.70461,18,-0.04867,0.32291,0.38309
6,0.80759,198.70461,19,-0.09865,0.30662,0.32848
6,0.80759,198.70461,20,-0.1484,0.29041,0.2601
6,0.80759,198.70461,21,-0.19789,0.27428,0.17803
6,0.80759,198.70461,22,-0.24426,0.25895,0.09875
6,0.80759,198.70461,23,-0.26777,0.24926,0.13643
6,0.80759,198.70461,24,-0.2912,0.23961,0.15995
6,0.80759,198.70461,25,-0.31457,0.22998,0.16936
6,0.80759,198.70461,26,-0.33788,0.22037,0.1647
6,0.80759,198.70461,27,-0.36113,0.21079,0.146
6,0.80759,198.70461,28,-0.3843,0.20124,0.11331
6,0.80759,198.70461,29,-0.39001,0.19029,0.10801
6,0.80759,198.70461,30,-0.39001,0.17877,0.1082
6,0.80759,198.70461,31,-0.39001,0.16729,0.10017
6,0.80759,198.70461,32,-0.39001,0.15588,0.09998
6,0.80759,198.70461,33,-0.39,0.14452,0.09998
6,0.80759,198.70461,34,-0.39,0.13322,0.09998
6,0.80759,198.70461,35,-0.39,0.12198,0.09998
6,0.80759,198.70461,36,-0.39,0.1108,0.09998
6,0.80759,198.70461,37,-0.39,0.09967,0.09998
6,0.80759,198.70461,38,-0.39,0.08859,0.09998
6,0.80759,198.70461,39,-0.39,0.07757,0.09998
6,0.80759,198.70461,40,-0.39,0.06661,0.09998
6,0.80759,198.70461,41,-0.39,0.05569,0.09998
6,0.80759,198.70461,42,-0.39,0.04483,0.09998
6,0.80759,198.70461,43,-0.39,0.03402,0.09998
6,0.80759,198.70461,44,-0.39,0.02326,0.09998
6,0.80759,198.70461,45,-0.39,0.01255,0.09998
6,0.80759,198.70461,46,-0.39,0.00189,0.09998
6,0.80759,198.70461,47,-0.39,-0.0087,0.09998
6,0.80759,198.70461,48,-0.39,-0.01927,0.09998
6,0.80759,198.70461,49,-0.39,-0.02978,0.09998
6,0.80759,198.70461,50,-0.39,-0.04024,0.09998
6,0.80759,198.70461,51,-0.39,-0.05066,0.09998
6,0.80759,198.70461,52,-0.39,-0.06103,0.09998
6,0.80759,198.70461,53,-0.39,-0.07135,0.09998
6,0.80759,198.70461,54,-0.39,-0.08163,0.09998
6,0.80759,198.70461,55,-0.39,-0.09187,0.09998
6,0.80759,198.70461,56,-0.39,-0.10206,0.09998
6,0.80759,198.70461,57,-0.39,-0.1122,0.09998
6,0.80759,198.70461,58,-0.39,-0.1223,0.09998
6,0.80759,198.70461,59,-0.39,-0.13236,0.09998
6,0.80759,198.70461,60,-0.39,-0.14237,0.09998
6,0.80759,198.70461,61,-0.39,-0.15234,0.09999
6,0.80759,198.70461,62,-0.39,-0.16227,0.09998
6,0.80759,198.70461,63,-0.39,-0.17216,0.09998
6,0.80759,198.70461,64,-0.39,-0.182,0.09998
6,0.80759,198.70461,65,-0.39,-0.19181,0.09998
6,0.80759,198.70461,66,-0.39,-0.20157,0.09998
6,0.80759,198.70461,67,-0.39,-0.2113,0.09998
6,0.80759,198.70461,68,-0.39,-0.22098,0.09998
6,0.80759,198.70461,69,-0.39,-0.23062,0.09998
6,0.80759,198.70461,70,-0.39,-0.24023,0.09998
6,0.80759,198.70461,71,-0.39,-0.2498,0.09998
6,0.80759,198.70461,72,-0.39,-0.25932,0.09998
6,0.80759,198.70461,73,-0.39,-0.26881,0.09998
6,0.80759,198.70461,74,-0.39,-0.27826,0.09998
6,0.80759,198.70461,75,-0.39,-0.28768,0.09998
6,0.80759,198.70461,76,-0.39,-0.29706,0.09998
6,0.80759,198.70461,77,-0.39,-0.3064,0.09998
6,0.80759,198.70461,78,-0.39,-0.3157,0.09998
6,0.80759,198.70461,79,-0.39,-0.32497,0.09998
6,0.80759,198.70461,80,-0.39,-0.3342,0.09998
6,0.80759,198.70461,81,-0.39,-0.3434,0.09998
6,0.80759,198.70461,82,-0.39,-0.35256,0.09998
6,0.80759,198.70461,83,-0.39,-0.36168,0.09998
6,0.80759,198.70461,84,-0.39,-0.37077,0.09998
6,0.80759,198.70461,85,-0.39,-0.37983,0.09998
6,0.80759,198.70461,86,-0.39,-0.38885,0.09998
6,0.80759,198.70461,87,-0.38839,-0.39001,0.09998
6,0.80759,198.70461,88,-0.38658,-0.39001,0.09998
6,0.80759,198.70461,89,-0.38478,-0.39,0.09998
6,0.80759,198.70461,90,-0.38298,-0.39,0.09998
6,0.80759,198.70461,91,-0.38119,-0.39,0.09998
6,0.80759,198.70461,92,-0.3794,-0.39,0.09998
6,0.80759,198.70461,93,-0.37761,-0.39,0.09998
6,0.80759,198.70461,94,-0.37583,-0.39,0.09998
6,0.80759,198.70461,95,-0.37406,-0.39,0.09998
6,0.80759,198.70461,96,-0.37228,-0.39,0.09998
6,0.80759,198.70461,97,-0.37052,-0.39,0.09998
6,0.80759,198.70461,98,-0.36875,-0.39,0.09998
6,0.80759,198.70461,99,-0.367,-0.39,0.09998
6,0.80759,198.70461,100,-0.36524,-0.39,0.09998
6,0.80759,198.70461,101,-0.36349,-0.39,0.09998
6,0.80759,198.70461,102,-0.36175,-0.39,0.09998
6,0.80759,198.70461,103,-0.36001,-0.39,0.09998
6,0.80759,198.70461,104,-0.35827,-0.39,0.09998
6,0.80759,198.70461,105,-0.35654,-0.39,0.09998
6,0.80759,198.70461,106,-0.35481,-0.39,0.09998
6,0.80759,198.70461,107,-0.35309,-0.39,0.09998
6,0.80759,198.70461,108,-0.35137,-0.39,0.09998
6,0.80759,198.70461,109,-0.34965,-0.39,0.09998
6,0.80759,198.70461,110,-0.34794,-0.39,0.09998
6,0.80759,198.70461,111,-0.34624,-0.39,0.09998
6,0.80759,198.70461,112,-0.34453,-0.39,0.09998
6,0.80759,198.70461,113,-0.34283,-0.39,0.09998
6,0.80759,198.70461,114,-0.34114,-0.39,0.09998
6,0.80759,198.70461,115,-0.33945,-0.39,0.09998
6,0.80759,198.70461,116,-0.33776,-0.39,0.09998
6,0.80759,198.70461,117,-0.33608,-0.39,0.09998
6,0.80759,198.70461,118,-0.33441,-0.39,0.09998
6,0.80759,198.70461,119,-0.33273,-0.39,0.09998
6,0.80759,198.70461,120,-0.33106,-0.39,0.09998
7,0.80759,198.29665,1,-0.17356,-0.17645,0.92021
7,0.80759,198.29665,2,-0.38927,-0.35346,0.76608
7,0.80759,198.29665,3,-0.27628,-0.35879,0.59304
7,0.80759,198.29665,4,-0.16321,-0.30262,0.41106
7,0.80759,198.29665,5,-0.05132,-0.24702,0.21698
7,0.80759,198.29665,6,0.0604,-0.18546,0.11307
7,0.80759,198.29665,7,0.17324,-0.11135,0.19946
7,0.80759,198.29665,8,0.2852,-0.03782,0.27118
7,0.80759,198.29665,9,0.39633,0.03517,0.32834
7,0.80759,198.29665,10,0.34721,0.10662,0.38363
7,0.80759,198.29665,11,0.29835,0.17769,0.42458
7,0.80759,198.29665,12,0.24975,0.24838,0.45129
7,0.80759,198.29665,13,0.20139,0.31872,0.46384
7,0.80759,198.29665,14,0.15327,0.38871,0.46229
7,0.80759,198.29665,15,0.1025,0.37217,0.4635
7,0.80759,198.29665,16,0.05191,0.35569,0.45067
7,0.80759,198.29665,17,0.00151,0.33926,0.42385
7,0.80759,198.29665,18,-0.04867,0.32291,0.38309
7,0.80759,198.29665,19,-0.09865,0.30662,0.32848
7,0.80759,198.29665,20,-0.1484,0.29041,0.2601
7,0.80759,198.29665,21,-0.19789,0.27428,0.17803
7,0.80759,198.29665,22,-0.24426,0.25895,0.09875
7,0.80759,198.29665,23,-0.26777,0.24926,0.13643
7,0.80759,198.29665,24,-0.2912,0.23961,0.15995
7,0.80759,198.29665,25,-0.31457,0.22998,0.16936
7,0.80759,198.29665,26,-0.33788,0.22037,0.1647
7,0.80759,198.29665,27,-0.36113,0.21079,0.146
7,0.80759,198.29665,28,-0.3843,0.20124,0.11331
7,0.80759,198.29665,29,-0.39001,0.19029,0.10801
7,0.80759,198.29665,30,-0.39001,0.17877,0.1082
7,0.80759,198.29665,31,-0.39001,0.16729,0.10017
7,0.80759,198.29665,32,-0.39001,0.15588,0.09998
7,0.80759,198.29665,33,-0.39,0.14452,0.09998
7,0.80759,198.29665,34,-0.39,0.13322,0.09998
7,0.80759,198.29665,35,-0.39,0.12198,0.09998
7,0.80759,198.29665,36,-0.39,0.1108,0.09998
7,0.80759,198.29665,37,-0.39,0.09967,0.09998
7,0.80759,198.29665,38,-0.39,0.08859,0.09998
7,0.80759,198.29665,39,-0.39,0.07757,0.09998
7,0.80759,198.29665,40,-0.39,0.06661,0.09998
7,0.80759,198.29665,41,-0.39,0.05569,0.09998
7,0.80759,198.29665,42,-0.39,0.04483,0.09998
7,0.80759,198.29665,43,-0.39,0.03402,0.09998
7,0.80759,198.29665,44,-0.39,0.02326,0.09998
7,0.80759,198.29665,45,-0.39,0.01255,0.09998
7,0.80759,198.29665,46,-0.39,0.00189,0.09998
7,0.80759,198.29665,47,-0.39,-0.0087,0.09998
7,0.80759,198.29665,48,-0.39,-0.01927,0.09998
7,0.80759,198.29665,49,-0.39,-0.02978,0.09998
7,0.80759,198.29665,50,-0.39,-0.04024,0.09998
7,0.80759,198.29665,51,-0.39,-0.05066,0.09998
7,0.80759,198.29665,52,-0.39,-0.06103,0.09998
7,0.80759,198.29665,53,-0.39,-0.07135,0.09998
7,0.80759,198.29665,54,-0.39,-0.08163,0.09998
7,0.80759,198.29665,55,-0.39,-0.09187,0.09998
7,0.80759,198.29665,56,-0.39,-0.10206,0.09998
7,0.80759,198.29665,57,-0.39,-0.1122,0.09998
7,0.80759,198.29665,58,-0.39,-0.1223,0.09998
7,0.80759,198.29665,59,-0.39,-0.13236,0.09998
7,0.80759,198.29665,60,-0.39,-0.14237,0.09998
7,0.80759,198.29665,61,-0.39,-0.15234,0.09999
7,0.80759,198.29665,62,-0.39,-0.16227,0.09998
7,0.80759,198.29665,63,-0.39,-0.17216,0.09998
7,0.80759,198.29665,64,-0.39,-0.182,0.09998
7,0.80759,198.29665,65,-0.39,-0.19181,0.09998
7,0.80759,198.29665,66,-0.39,-0.20157,0.09998
7,0.80759,198.29665,67,-0.39,-0.2113,0.09998
7,0.80759,198.29665,68,-0.39,-0.22098,0.09998
7,0.80759,198.29665,69,-0.39,-0.23062,0.09998
7,0.80759,198.29665,70,-0.39,-0.24023,0.09998
7,0.80759,198.29665,71,-0.39,-0.2498,0.09998
7,0.80759,198.29665,72,-0.39,-0.25932,0.09998
7,0.80759,198.29665,73,-0.39,-0.26881,0.09998
7,0.80759,198.29665,74,-0.39,-0.27826,0.09998
7,0.80759,198.29665,75,-0.39,-0.28768,0.09998
7,0.80759,198.29665,76,-0.39,-0.29706,0.09998
7,0.80759,198.29665,77,-0.39,-0.3064,0.09998
7,0.80759,198.29665,78,-0.39,-0.3157,0.09998
7,0.80759,198.29665,79,-0.39,-0.32497,0.09998
7,0.80759,198.29665,80,-0.39,-0.3342,0.09998
7,0.80759,198.29665,81,-0.39,-0.3434,0.09998
7,0.80759,198.29665,82,-0.39,-0.35256,0.09998
7,0.80759,198.29665,83,-0.39,-0.36168,0.09998
7,0.80759,198.29665,84,-0.39,-0.37077,0.09998
7,0.80759,198.29665,85,-0.39,-0.37983,0.09998
7,0.80759,198.29665,86,-0.39,-0.38885,0.09998
7,0.80759,198.29665,87,-0.38839,-0.39001,0.09998
7,0.80759,198.29665,88,-0.38658,-0.39001,0.09998
7,0.80759,198.29665,89,-0.38478,-0.39,0.09998
7,0.80759,198.29665,90,-0.38298,-0.39,0.09998
7,0.80759,198.29665,91,-0.38119,-0.39,0.09998
7,0.80759,198.29665,92,-0.3794,-0.39,0.09998
7,0.80759,198.29665,93,-0.37761,-0.39,0.09998
7,0.80759,198.29665,94,-0.37583,-0.39,0.09998
7,0.80759,198.29665,95,-0.37406,-0.39,0.09998
7,0.80759,198.29665,96,-0.37228,-0.39,0.09998
7,0.80759,198.29665,97,-0.37052,-0.39,0.09998
7,0.80759,198.29665,98,-0.36875,-0.39,0.09998
7,0.80759,198.29665,99,-0.367,-0.39,0.09998
7,0.80759,198.29665,100,-0.36524,-0.39,0.09998
7,0.80759,198.29665,101,-0.36349,-0.39,0.09998
7,0.80759,198.29665,102,-0.36175,-0.39,0.09998
7,0.80759,198.29665,103,-0.36001,-0.39,0.09998
7,0.80759,198.29665,104,-0.35827,-0.39,0.09998
7,0.80759,198.29665,105,-0.35654,-0.39,0.09998
7,0.80759,198.29665,106,-0.35481,-0.39,0.09998
7,0.80759,198.29665,107,-0.35309,-0.39,0.09998
7,0.80759,198.29665,108,-0.35137,-0.39,0.09998
7,0.80759,198.29665,109,-0.34965,-0.39,0.09998
7,0.80759,198.29665,110,-0.34794,-0.39,0.09998
7,0.80759,198.29665,111,-0.34624,-0.39,0.09998
7,0.80759,198.29665,112,-0.34453,-0.39,0.09998
7,0.80759,198.29665,113,-0.34283,-0.39,0.09998
7,0.80759,198.29665,114,-0.34114,-0.39,0.09998
7,0.80759,198.29665,115,-0.33945,-0.39,0.09998
7,0.80759,198.29665,116,-0.33776,-0.39,0.09998
7,0.80759,198.29665,117,-0.33608,-0.39,0.09998
7,0.80759,198.29665,118,-0.33441,-0.39,0.09998
7,0.80759,198.29665,119,-0.33273,-0.39,0.09998
7,0.80759,198.29665,120,-0.33106,-0.39,0.09998
8,0.80759,184.5218,1,-0.17356,-0.17645,0.92021
8,0.80759,184.5218,2,-0.38927,-0.35346,0.76608
8,0.80759,184.5218,3,-0.27628,-0.35879,0.59304
8,0.80759,184.5218,4,-0.16321,-0.30262,0.41106
8,0.80759,184.5218,5,-0.05132,-0.24702,0.21698
8,0.80759,184.5218,6,0.0604,-0.18546,0.11307
8,0.80759,184.5218,7,0.17324,-0.11135,0.19946
8,0.80759,184.5218,8,0.2852,-0.03782,0.27118
8,0.80759,184.5218,9,0.39633,0.03517,0.32834
8,0.80759,184.5218,10,0.34721,0.10662,0.38363
8,0.80759,184.5218,11,0.29835,0.17769,0.42458
8,0.80759,184.5218,12,0.24975,0.24838,0.45129
8,0.80759,184.5218,13,0.20139,0.31872,0.46384
8,0.80759,184.5218,14,0.15327,0.38871,0.46229
8,0.80759,184.5218,15,0.1025,0.37217,0.4635
8,0.80759,184.5218,16,0.05191,0.35569,0.45067
8,0.80759,184.5218,17,0.00151,0.33926,0.42385
8,0.80759,184.5218,18,-0.04867,0.32291,0.38309
8,0.80759,184.5218,19,-0.09865,0.30662,0.32848
8,0.80759,184.5218,20,-0.1484,0.29041,0.2601
8,0.80759,184.5218,21,-0.19789,0.27428,0.17803
8,0.80759,184.5218,22,-0.24426,0.25895,0.09875
8,0.80759,184.5218,23,-0.26777,0.24926,0.13643
8,0.80759,184.5218,24,-0.2912,0.23961,0.15995
8,0.80759,184.5218,25,-0.31457,0.22998,0.16936
8,0.80759,184.5218,26,-0.33788,0.22037,0.1647
8,0.80759,184.5218,27,-0.36113,0.21079,0.146
8,0.80759,184.5218,28,-0.3843,0.20124,0.11331
8,0.80759,184.5218,29,-0.39001,0.19029,0.10801
8,0.80759,184.5218,30,-0.39001,0.17877,0.1082
8,0.80759,184.5218,31,-0.39001,0.16729,0.10017
8,0.80759,184.5218,32,-0.39001,0.15588,0.09998
8,0.80759,184.5218,33,-0.39,0.14452,0.09998
8,0.80759,184.5218,34,-0.39,0.13322,0.09998
8,0.80759,184.5218,35,-0.39,0.12198,0.09998
8,0.80759,184.5218,36,-0.39,0.1108,0.09998
8,0.80759,184.5218,37,-0.39,0.09967,0.09998
8,0.80759,184.5218,38,-0.39,0.08859,0.09998
8,0.80759,184.5218,39,-0.39,0.07757,0.09998
8,0.80759,184.5218,40,-0.39,0.06661,0.09998
8,0.80759,184.5218,41,-0.39,0.05569,0.09998
8,0.80759,184.5218,42,-0.39,0.04483,0.09998
8,0.80759,184.5218,43,-0.39,0.03402,0.09998
8,0.80759,184.5218,44,-0.39,0.02326,0.09998
8,0.80759,184.5218,45,-0.39,0.01255,0.09998
8,0.80759,184.5218,46,-0.39,0.00189,0.09998
8,0.80759,184.5218,47,-0.39,-0.0087,0.09998
8,0.80759,184.5218,48,-0.39,-0.01927,0.09998
8,0.80759,184.5218,49,-0.39,-0.02978,0.09998
8,0.80759,184.5218,50,-0.39,-0.04024,0.09998
8,0.80759,184.5218,51,-0.39,-0.05066,0.09998
8,0.80759,184.5218,52,-0.39,-0.06103,0.09998
8,0.80759,184.5218,53,-0.39,-0.07135,0.09998
8,0.80759,184.5218,54,-0.39,-0.08163,0.09998
8,0.80759,184.5218,55,-0.39,-0.09187,0.09998
8,0.80759,184.5218,56,-0.39,-0.10206,0.09998
8,0.80759,184.5218,57,-0.39,-0.1122,0.09998
8,0.80759,184.5218,58,-0.39,-0.1223,0.09998
8,0.80759,184.5218,59,-0.39,-0.13236,0.09998
8,0.80759,184.5218,60,-0.39,-0.14237,0.09998
8,0.80759,184.5218,61,-0.39,-0.15234,0.09999
8,0.80759,184.5218,62,-0.39,-0.16227,0.09998
8,0.80759,184.5218,63,-0.39,-0.17216,0.09998
8,0.80759,184.5218,64,-0.39,-0.182,0.09998
8,0.80759,184.5218,65,-0.39,-0.19181,0.09998
8,0.80759,184.5218,66,-0.39,-0.20157,0.09998
8,0.80759,184.5218,67,-0.39,-0.2113,0.09998
8,0.80759,184.5218,68,-0.39,-0.22098,0.09998
8,0.80759,184.5218,69,-0.39,-0.23062,0.09998
8,0.80759,184.5218,70,-0.39,-0.24023,0.09998
8,0.80759,184.5218,71,-0.39,-0.2498,0.09998
8,0.80759,184.5218,72,-0.39,-0.25932,0.09998
8,0.80759,184.5218,73,-0.39,-0.26881,0.09998
8,0.80759,184.5218,74,-0.39,-0.27826,0.09998
8,0.80759,184.5218,75,-0.39,-0.28768,0.09998
8,0.80759,184.5218,76,-0.39,-0.29706,0.09998
8,0.80759,184.5218,77,-0.39,-0.3064,0.09998
8,0.80759,184.5218,78,-0.39,-0.3157,0.09998
8,0.80759,184.5218,79,-0.39,-0.32497,0.09998
8,0.80759,184.5218,80,-0.39,-0.3342,0.09998
8,0.80759,184.5218,81,-0.39,-0.3434,0.09998
8,0.80759,184.5218,82,-0.39,-0.35256,0.09998
8,0.80759,184.5218,83,-0.39,-0.36168,0.09998
8,0.80759,184.5218,84,-0.39,-0.37077,0.09998
8,0.80759,184.5218,85,-0.39,-0.37983,0.09998
8,0.80759,184.5218,86,-0.39,-0.38885,0.09998
8,0.80759,184.5218,87,-0.38839,-0.39001,0.09998
8,0.80759,184.5218,88,-0.38658,-0.39001,0.09998
8,0.80759,184.5218,89,-0.38478,-0.39,0.09998
8,0.80759,184.5218,90,-0.38298,-0.39,0.09998
8,0.80759,184.5218,91,-0.38119,-0.39,0.09998
8,0.80759,184.5218,92,-0.3794,-0.39,0.09998
8,0.80759,184.5218,93,-0.37761,-0.39,0.09998
8,0.80759,184.5218,94,-0.37583,-0.39,0.09998
8,0.80759,184.5218,95,-0.37406,-0.39,0.09998
8,0.80759,184.5218,96,-0.37228,-0.39,0.09998
8,0.80759,184.5218,97,-0.37052,-0.39,0.09998
8,0.80759,184.5218,98,-0.36875,-0.39,0.09998
8,0.80759,184.5218,99,-0.367,-0.39,0.09998
8,0.80759,184.5218,100,-0.36524,-0.39,0.09998
8,0.80759,184.5218,101,-0.36349,-0.39,0.09998
8,0.80759,184.5218,102,-0.36175,-0.39,0.09998
8,0.80759,184.5218,103,-0.36001,-0.39,0.09998
8,0.80759,184.5218,104,-0.35827,-0.39,0.09998
8,0.80759,184.5218,105,-0.35654,-0.39,0.09998
8,0.80759,184.5218,106,-0.35481,-0.39,0.09998
8,0.80759,184.5218,107,-0.35309,-0.39,0.09998
8,0.80759,184.5218,108,-0.35137,-0.39,0.09998
8,0.80759,184.5218,109,-0.34965,-0.39,0.09998
8,0.80759,184.5218,110,-0.34794,-0.39,0.09998
8,0.80759,184.5218,111,-0.34624,-0.39,0.09998
8,0.80759,184.5218,112,-0.34453,-0.39,0.09998
8,0.80759,184.5218,113,-0.34283,-0.39,0.09998
8,0.80759,184.5218,114,-0.34114,-0.39,0.09998
8,0.80759,184.5218,115,-0.33945,-0.39,0.09998
8,0.80759,184.5218,116,-0.33776,-0.39,0.09998
8,0.80759,184.5218,117,-0.33608,-0.39,0.09998
8,0.80759,184.5218,118,-0.33441,-0.39,0.09998
8,0.80759,184.5218,119,-0.33273,-0.39,0.09998
8,0.80759,184.5218,120,-0.33106,-0.39,0.09998
9,0.80759,199.64823,1,-0.17356,-0.17645,0.92021
9,0.80759,199.64823,2,-0.38927,-0.35346,0.76608
9,0.80759,199.64823,3,-0.27628,-0.35879,0.59304
9,0.80759,199.64823,4,-0.16321,-0.30262,0.41106
9,0.80759,199.64823,5,-0.05132,-0.24702,0.21698
9,0.80759,199.64823,6,0.0604,-0.18546,0.11307
9,0.80759,199.64823,7,0.17324,-0.11135,0.19946
9,0.80759,199.64823,8,0.2852,-0.03782,0.27118
9,0.80759,199.64823,9,0.39633,0.03517,0.32834
9,0.80759,199.64823,10,0.34721,0.10662,0.38363
9,0.80759,199.64823,11,0.29835,0.17769,0.42458
9,0.80759,199.64823,12,0.24975,0.24838,0.45129
9,0.80759,199.64823,13,0.20139,0.31872,0.46384
9,0.80759,199.64823,14,0.15327,0.38871,0.46229
9,0.80759,199.64823,15,0.1025,0.37217,0.4635
9,0.80759,199.64823,16,0.05191,0.35569,0.45067
9,0.80759,199.64823,17,0.00151,0.33926,0.42385
9,0.80759,199.64823,18,-0.04867,0.32291,0.38309
9,0.80759,199.64823,19,-0.09865,0.30662,0.32848
9,0.80759,199.64823,20,-0.1484,0.29041,0.2601
9,0.80759,199.64823,21,-0.19789,0.27428,0.17803
9,0.80759,199.64823,22,-0.24426,0.25895,0.09875
9,0.80759,199.64823,23,-0.26777,0.24926,0.13643
9,0.80759,199.64823,24,-0.2912,0.23961,0.15995
9,0.80759,199.64823,25,-0.31457,0.22998,0.16936
9,0.80759,199.64823,26,-0.33788,0.22037,0.1647
9,0.80759,199.64823,27,-0.36113,0.21079,0.146
9,0.80759,199.64823,28,-0.3843,0.20124,0.11331
9,0.80759,199.64823,29,-0.39001,0.19029,0.10801
9,0.80759,199.64823,30,-0.39001,0.17877,0.1082
9,0.80759,199.64823,31,-0.39001,0.16729,0.10017
9,0.80759,199.64823,32,-0.39001,0.15588,0.09998
9,0.80759,199.64823,33,-0.39,0.14452,0.09998
9,0.80759,199.64823,34,-0.39,0.13322,0.09998
9,0.80759,199.64823,35,-0.39,0.12198,0.09998
9,0.80759,199.64823,36,-0.39,0.1108,0.09998
9,0.80759,199.64823,37,-0.39,0.09967,0.09998
9,0.80759,199.64823,38,-0.39,0.08859,0.09998
9,0.80759,199.64823,39,-0.39,0.07757,0.09998
9,0.80759,199.64823,40,-0.39,0.06661,0.09998
9,0.80759,199.64823,41,-0.39,0.05569,0.09998
9,0.80759,199.64823,42,-0.39,0.04483,0.09998
9,0.80759,199.64823,43,-0.39,0.03402,0.09998
9,0.80759,199.64823,44,-0.39,0.02326,0.09998
9,0.80759,199.64823,45,-0.39,0.01255,0.09998
9,0.80759,199.64823,46,-0.39,0.00189,0.09998
9,0.80759,199.64823,47,-0.39,-0.0087,0.09998
9,0.80759,199.64823,48,-0.39,-0.01927,0.09998
9,0.80759,199.64823,49,-0.39,-0.02978,0.09998
9,0.80759,199.64823,50,-0.39,-0.04024,0.09998
9,0.80759,199.64823,51,-0.39,-0.05066,0.09998
9,0.80759,199.64823,52,-0.39,-0.06103,0.09998
9,0.80759,199.64823,53,-0.39,-0.07135,0.09998
9,0.80759,199.64823,54,-0.39,-0.08163,0.09998
9,0.80759,199.64823,55,-0.39,-0.09187,0.09998
9,0.80759,199.64823,56,-0.39,-0.10206,0.09998
9,0.80759,199.64823,57,-0.39,-0.1122,0.09998
9,0.80759,199.64823,58,-0.39,-0.1223,0.09998
9,0.80759,199.64823,59,-0.39,-0.13236,0.09998
9,0.80759,199.64823,60,-0.39,-0.14237,0.09998
9,0.80759,199.64823,61,-0.39,-0.15234,0.09999
9,0.80759,199.64823,62,-0.39,-0.16227,0.09998
9,0.80759,199.64823,63,-0.39,-0.17216,0.09998
9,0.80759,199.64823,64,-0.39,-0.182,0.09998
9,0.80759,199.64823,65,-0.39,-0.19181,0.09998
9,0.80759,199.64823,66,-0.39,-0.20157,0.09998
9,0.80759,199.64823,67,-0.39,-0.2113,0.09998
9,0.80759,199.64823,68,-0.39,-0.22098,0.09998
9,0.80759,199.64823,69,-0.39,-0.23062,0.09998
9,0.80759,199.64823,70,-0.39,-0.24023,0.09998
9,0.80759,199.64823,71,-0.39,-0.2498,0.09998
9,0.80759,199.64823,72,-0.39,-0.25932,0.09998
9,0.80759,199.64823,73,-0.39,-0.26881,0.09998
9,0.80759,199.64823,74,-0.39,-0.27826,0.09998
9,0.80759,199.64823,75,-0.39,-0.28768,0.09998
9,0.80759,199.64823,76,-0.39,-0.29706,0.09998
9,0.80759,199.64823,77,-0.39,-0.3064,0.09998
9,0.80759,199.64823,78,-0.39,-0.3157,0.09998
9,0.80759,199.64823,79,-0.39,-0.32497,0.09998
9,0.80759,199.64823,80,-0.39,-0.3342,0.09998
9,0.80759,199.64823,81,-0.39,-0.3434,0.09998
9,0.80759,199.64823,82,-0.39,-0.35256,0.09998
9,0.80759,199.64823,83,-0.39,-0.36168,0.09998
9,0.80759,199.64823,84,-0.39,-0.37077,0.09998
9,0.80759,199.64823,85,-0.39,-0.37983,0.09998
9,0.80759,199.64823,86,-0.39,-0.38885,0.09998
9,0.80759,199.64823,87,-0.38839,-0.39001,0.09998
9,0.80759,199.64823,88,-0.38658,-0.39001,0.09998
9,0.80759,199.64823,89,-0.38478,-0.39,0.09998
9,0.80759,199.64823,90,-0.38298,-0.39,0.09998
9,0.80759,199.64823,91,-0.38119,-0.39,0.09998
9,0.80759,199.64823,92,-0.3794,-0.39,0.09998
9,0.80759,199.64823,93,-0.37761,-0.39,0.09998
9,0.80759,199.64823,94,-0.37583,-0.39,0.09998
9,0.80759,199.64823,95,-0.37406,-0.39,0.09998
9,0.80759,199.64823,96,-0.37228,-0.39,0.09998
9,0.80759,199.64823,97,-0.37052,-0.39,0.09998
9,0.80759,199.64823,98,-0.36875,-0.39,0.09998
9,0.80759,199.64823,99,-0.367,-0.39,0.09998
9,0.80759,199.64823,100,-0.36524,-0.39,0.09998
9,0.80759,199.64823,101,-0.36349,-0.39,0.09998
9,0.80759,199.64823,102,-0.36175,-0.39,0.09998
9,0.80759,199.64823,103,-0.36001,-0.39,0.09998
9,0.80759,199.64823,104,-0.35827,-0.39,0.09998
9,0.80759,199.64823,105,-0.35654,-0.39,0.09998
9,0.80759,199.64823,106,-0.35481,-0.39,0.09998
9,0.80759,199.64823,107,-0.35309,-0.39,0.09998
9,0.80759,199.64823,108,-0.35137,-0.39,0.09998
9,0.80759,199.64823,109,-0.34965,-0.39,0.09998
9,0.80759,199.64823,110,-0.34794,-0.39,0.09998
9,0.80759,199.64823,111,-0.34624,-0.39,0.09998
9,0.80759,199.64823,112,-0.34453,-0.39,0.09998
9,0.80759,199.64823,113,-0.34283,-0.39,0.09998
9,0.80759,199.64823,114,-0.34114,-0.39,0.09998
9,0.80759,199.64823,115,-0.33945,-0.39,0.09998
9,0.80759,199.64823,116,-0.33776,-0.39,0.09998
9,0.80759,199.64823,117,-0.33608,-0.39,0.09998
9,0.80759,199.64823,118,-0.33441,-0.39,0.09998
9,0.80759,199.64823,119,-0.33273,-0.39,0.09998
9,0.80759,199.64823,120,-0.33106,-0.39,0.09998
10,0.80759,180.45896,1,-0.17356,-0.17645,0.92021
10,0.80759,180.45896,2,-0.38927,-0.35346,0.76608
10,0.80759,180.45896,3,-0.27628,-0.35879,0.59304
10,0.80759,180.45896,4,-0.16321,-0.30262,0.41106
10,0.80759,180.45896,5,-0.05132,-0.24702,0.21698
10,0.80759,180.45896,6,0.0604,-0.18546,0.11307
10,0.80759,180.45896,7,0.17324,-0.11135,0.19946
10,0.80759,180.45896,8,0.2852,-0.03782,0.27118
10,0.80759,180.45896,9,0.39633,0.03517,0.32834
10,0.80759,180.45896,10,0.34721,0.10662,0.38363
10,0.80759,180.45896,11,0.29835,0.17769,0.42458
10,0.80759,180.45896,12,0.24975,0.24838,0.45129
10,0.80759,180.45896,13,0.20139,0.31872,0.46384
10,0.80759,180.45896,14,0.15327,0.38871,0.46229
10,0.80759,180.45896,15,0.1025,0.37217,0.4635
10,0.80759,180.45896,16,0.05191,0.35569,0.45067
10,0.80759,180.45896,17,0.00151,0.33926,0.42385
10,0.80759,180.45896,18,-0.04867,0.32291,0.38309
10,0.80759,180.45896,19,-0.09865,0.30662,0.32848
10,0.80759,180.45896,20,-0.1484,0.29041,0.2601
10,0.80759,180.45896,21,-0.19789,0.27428,0.17803
10,0.80759,180.45896,22,-0.24426,0.25895,0.09875
10,0.80759,180.45896,23,-0.26777,0.24926,0.13643
10,0.80759,180.45896,24,-0.2912,0.23961,0.15995
10,0.80759,180.45896,25,-0.31457,0.22998,0.16936
10,0.80759,180.45896,26,-0.33788,0.22037,0.1647
10,0.80759,180.45896,27,-0.36113,0.21079,0.146
10,0.80759,180.45896,28,-0.3843,0.20124,0.11331
10,0.80759,180.45896,29,-0.39001,0.19029,0.10801
10,0.80759,180.45896,30,-0.39001,0.17877,0.1082
10,0.80759,180.45896,31,-0.39001,0.16729,0.10017
10,0.80759,180.45896,32,-0.39001,0.15588,0.09998
10,0.80759,180.45896,33,-0.39,0.14452,0.09998
10,0.80759,180.45896,34,-0.39,0.13322,0.09998
10,0.80759,180.45896,35,-0.39,0.12198,0.09998
10,0.80759,180.45896,36,-0.39,0.1108,0.09998
10,0.80759,180.45896,37,-0.39,0.09967,0.09998
10,0.80759,180.45896,38,-0.39,0.08859,0.09998
10,0.80759,180.45896,39,-0.39,0.07757,0.09998
10,0.80759,180.45896,40,-0.39,0.06661,0.09998
10,0.80759,180.45896,41,-0.39,0.05569,0.09998
10,0.80759,180.45896,42,-0.39,0.04483,0.09998
10,0.80759,180.45896,43,-0.39,0.03402,0.09998
10,0.80759,180.45896,44,-0.39,0.02326,0.09998
10,0.80759,180.45896,45,-0.39,0.01255,0.09998
10,0.80759,180.45896,46,-0.39,0.00189,0.09998
10,0.80759,180.45896,47,-0.39,-0.0087,0.09998
10,0.80759,180.45896,48,-0.39,-0.01927,0.09998
10,0.80759,180.45896,49,-0.39,-0.02978,0.09998
10,0.80759,180.45896,50,-0.39,-0.04024,0.09998
10,0.80759,180.45896,51,-0.39,-0.05066,0.09998
10,0.80759,180.45896,52,-0.39,-0.06103,0.09998
10,0.80759,180.45896,53,-0.39,-0.07135,0.09998
10,0.80759,180.45896,54,-0.39,-0.08163,0.09998
10,0.80759,180.45896,55,-0.39,-0.09187,0.09998
10,0.80759,180.45896,56,-0.39,-0.10206,0.09998
10,0.80759,180.45896,57,-0.39,-0.1122,0.09998
10,0.80759,180.45896,58,-0.39,-0.1223,0.09998
10,0.80759,180.45896,59,-0.39,-0.13236,0.09998
10,0.80759,180.45896,60,-0.39,-0.14237,0.09998
10,0.80759,180.45896,61,-0.39,-0.15234,0.09999
10,0.80759,180.45896,62,-0.39,-0.16227,0.09998
10,0.80759,180.45896,63,-0.39,-0.17216,0.09998
10,0.80759,180.45896,64,-0.39,-0.182,0.09998
10,0.80759,180.45896,65,-0.39,-0.19181,0.09998
10,0.80759,180.45896,66,-0.39,-0.20157,0.09998
10,0.80759,180.45896,67,-0.39,-0.2113,0.09998
10,0.80759,180.45896,68,-0.39,-0.22098,0.09998
10,0.80759,180.45896,69,-0.39,-0.23062,0.09998
10,0.80759,180.45896,70,-0.39,-0.24023,0.09998
10,0.80759,180.45896,71,-0.39,-0.2498,0.09998
10,0.80759,180.45896,72,-0.39,-0.25932,0.09998
10,0.80759,180.45896,73,-0.39,-0.26881,0.09998
10,0.80759,180.45896,74,-0.39,-0.27826,0.09998
10,0.80759,180.45896,75,-0.39,-0.28768,0.09998
10,0.80759,180.45896,76,-0.39,-0.29706,0.09998
10,0.80759,180.45896,77,-0.39,-0.3064,0.09998
10,0.80759,180.45896,78,-0.39,-0.3157,0.09998
10,0.80759,180.45896,79,-0.39,-0.32497,0.09998
10,0.80759,180.45896,80,-0.39,-0.3342,0.09998
10,0.80759,180.45896,81,-0.39,-0.3434,0.09998
10,0.80759,180.45896,82,-0.39,-0.35256,0.09998
10,0.80759,180.45896,83,-0.39,-0.36168,0.09998
10,0.80759,180.45896,84,-0.39,-0.37077,0.09998
10,0.80759,180.45896,85,-0.39,-0.37983,0.09998
10,0.80759,180.45896,86,-0.39,-0.38885,0.09998
10,0.80759,180.45896,87,-0.38839,-0.39001,0.09998
10,0.80759,180.45896,88,-0.38658,-0.39001,0.09998
10,0.80759,180.45896,89,-0.38478,-0.39,0.09998
10,0.80759,180.45896,90,-0.38298,-0.39,0.09998
10,0.80759,180.45896,91,-0.38119,-0.39,0.09998
10,0.80759,180.45896,92,-0.3794,-0.39,0.09998
10,0.80759,180.45896,93,-0.37761,-0.39,0.09998
10,0.80759,180.45896,94,-0.37583,-0.39,0.09998
10,0.80759,180.45896,95,-0.37406,-0.39,0.09998
10,0.80759,180.45896,96,-0.37228,-0.39,0.09998
10,0.80759,180.45896,97,-0.37052,-0.39,0.09998
10,0.80759,180.45896,98,-0.36875,-0.39,0.09998
10,0.80759,180.45896,99,-0.367,-0.39,0.09998
10,0.80759,180.45896,100,-0.36524,-0.39,0.09998
10,0.80759,180.45896,101,-0.36349,-0.39,0.09998
10,0.80759,180.45896,102,-0.36175,-0.39,0.09998
10,0.80759,180.45896,103,-0.36001,-0.39,0.09998
10,0.80759,180.45896,104,-0.35827,-0.39,0.09998
10,0.80759,180.45896,105,-0.35654,-0.39,0.09998
10,0.80759,180.45896,106,-0.35481,-0.39,0.09998
10,0.80759,180.45896,107,-0.35309,-0.39,0.09998
10,0.80759,180.45896,108,-0.35137,-0.39,0.09998
10,0.80759,180.45896,109,-0.34965,-0.39,0.09998
10,0.80759,180.45896,110,-0.34794,-0.39,0.09998
10,0.80759,180.45896,111,-0.34624,-0.39,0.09998
10,0.80759,180.45896,112,-0.34453,-0.39,0.09998
10,0.80759,180.45896,113,-0.34283,-0.39,0.09998
10,0.80759,180.45896,114,-0.34114,-0.39,0.09998
10,0.80759,180.45896,115,-0.33945,-0.39,0.09998
10,0.80759,180.45896,116,-0.33776,-0.39,0.09998
10,0.80759,180.45896,117,-0.33608,-0.39,0.09998
10,0.80759,180.45896,118,-0.33441,-0.39,0.09998
10,0.80759,180.45896,119,-0.33273,-0.39,0.09998
10,0.80759,180.45896,120,-0.33106,-0.39,0.09998
11,0.80759,184.03097,1,-0.17356,-0.17645,0.92021
11,0.80759,184.03097,2,-0.38927,-0.35346,0.76608
11,0.80759,184.03097,3,-0.27628,-0.35879,0.59304
11,0.80759,184.03097,4,-0.16321,-0.30262,0.41106
11,0.80759,184.03097,5,-0.05132,-0.24702,0.21698
11,0.80759,184.03097,6,0.0604,-0.18546,0.11307
11,0.80759,184.03097,7,0.17324,-0.11135,0.19946
11,0.80759,184.03097,8,0.2852,-0.03782,0.27118
11,0.80759,184.03097,9,0.39633,0.03517,0.32834
11,0.80759,184.03097,10,0.34721,0.10662,0.38363
11,0.80759,184.03097,11,0.29835,0.17769,0.42458
11,0.80759,184.03097,12,0.24975,0.24838,0.45129
11,0.80759,184.03097,13,0.20139,0.31872,0.46384
11,0.80759,184.03097,14,0.15327,0.38871,0.46229
11,0.80759,184.03097,15,0.1025,0.37217,0.4635
11,0.80759,184.03097,16,0.05191,0.35569,0.45067
11,0.80759,184.03097,17,0.00151,0.33926,0.42385
11,0.80759,184.03097,18,-0.04867,0.32291,0.38309
11,0.80759,184.03097,19,-0.09865,0.30662,0.32848
11,0.80759,184.03097,20,-0.1484,0.29041,0.2601
11,0.80759,184.03097,21,-0.19789,0.27428,0.17803
11,0.80759,184.03097,22,-0.24426,0.25895,0.09875
11,0.80759,184.03097,23,-0.26777,0.24926,0.13643
11,0.80759,184.03097,24,-0.2912,0.23961,0.15995
11,0.80759,184.03097,25,-0.31457,0.22998,0.16936
11,0.80759,184.03097,26,-0.33788,0.22037,0.1647
11,0.80759,184.03097,27,-0.36113,0.21079,0.146
11,0.80759,184.03097,28,-0.3843,0.20124,0.11331
11,0.80759,184.03097,29,-0.39001,0.19029,0.10801
11,0.80759,184.03097,30,-0.39001,0.17877,0.1082
11,0.80759,184.03097,31,-0.39001,0.16729,0.10017
11,0.80759,184.03097,32,-0.39001,0.15588,0.09998
11,0.80759,184.03097,33,-0.39,0.14452,0.09998
11,0.80759,184.03097,34,-0.39,0.13322,0.09998
11,0.80759,184.03097,35,-0.39,0.12198,0.09998
11,0.80759,184.03097,36,-0.39,0.1108,0.09998
11,0.80759,184.03097,37,-0.39,0.09967,0.09998
11,0.80759,184.03097,38,-0.39,0.08859,0.09998
11,0.80759,184.03097,39,-0.39,0.07757,0.09998
11,0.80759,184.03097,40,-0.39,0.06661,0.09998
11,0.80759,184.03097,41,-0.39,0.05569,0.09998
11,0.80759,184.03097,42,-0.39,0.04483,0.09998
11,0.80759,184.03097,43,-0.39,0.03402,0.09998
11,0.80759,184.03097,44,-0.39,0.02326,0.09998
11,0.80759,184.03097,45,-0.39,0.01255,0.09998
11,0.80759,184.03097,46,-0.39,0.00189,0.09998
11,0.80759,184.03097,47,-0.39,-0.0087,0.09998
11,0.80759,184.03097,48,-0.39,-0.01927,0.09998
11,0.80759,184.03097,49,-0.39,-0.02978,0.09998
11,0.80759,184.03097,50,-0.39,-0.04024,0.09998
11,0.80759,184.03097,51,-0.39,-0.05066,0.09998
11,0.80759,184.03097,52,-0.39,-0.06103,0.09998
11,0.80759,184.03097,53,-0.39,-0.07135,0.09998
11,0.80759,184.03097,54,-0.39,-0.08163,0.09998
11,0.80759,184.03097,55,-0.39,-0.09187,0.09998
11,0.80759,184.03097,56,-0.39,-0.10206,0.09998
11,0.80759,184.03097,57,-0.39,-0.1122,0.09998
11,0.80759,184.03097,58,-0.39,-0.1223,0.09998
11,0.80759,184.03097,59,-0.39,-0.13236,0.09998
11,0.80759,184.03097,60,-0.39,-0.14237,0.09998
11,0.80759,184.03097,61,-0.39,-0.15234,0.09999
11,0.80759,184.03097,62,-0.39,-0.16227,0.09998
11,0.80759,184.03097,63,-0.39,-0.17216,0.09998
11,0.80759,184.03097,64,-0.39,-0.182,0.09998
11,0.80759,184.03097,65,-0.39,-0.19181,0.09998
11,0.80759,184.03097,66,-0.39,-0.20157,0.09998
11,0.80759,184.03097,67,-0.39,-0.2113,0.09998
11,0.80759,184.03097,68,-0.39,-0.22098,0.09998
11,0.80759,184.03097,69,-0.39,-0.23062,0.09998
11,0.80759,184.03097,70,-0.39,-0.24023,0.09998
11,0.80759,184.03097,71,-0.39,-0.2498,0.09998
11,0.80759,184.03097,72,-0.39,-0.25932,0.09998
11,0.80759,184.03097,73,-0.39,-0.26881,0.09998
11,0.80759,184.03097,74,-0.39,-0.27826,0.09998
11,0.80759,184.03097,75,-0.39,-0.28768,0.09998
11,0.80759,184.03097,76,-0.39,-0.29706,0.09998
11,0.80759,184.03097,77,-0.39,-0.3064,0.09998
11,0.80759,184.03097,78,-0.39,-0.3157,0.09998
11,0.80759,184.03097,79,-0.39,-0.32497,0.09998
11,0.80759,184.03097,80,-0.39,-0.3342,0.09998
11,0.80759,184.03097,81,-0.39,-0.3434,0.09998
11,0.80759,184.03097,82,-0.39,-0.35256,0.09998
11,0.80759,184.03097,83,-0.39,-0.36168,0.09998
11,0.80759,184.03097,84,-0.39,-0.37077,0.09998
11,0.80759,184.03097,85,-0.39,-0.37983,0.09998
11,0.80759,184.03097,86,-0.39,-0.38885,0.09998
11,0.80759,184.03097,87,-0.38839,-0.39001,0.09998
11,0.80759,184.03097,88,-0.38658,-0.39001,0.09998
11,0.80759,184.03097,89,-0.38478,-0.39,0.09998
11,0.80759,184.03097,90,-0.38298,-0.39,0.09998
11,0.80759,184.03097,91,-0.38119,-0.39,0.09998
11,0.80759,184.03097,92,-0.3794,-0.39,0.09998
11,0.80759,184.03097,93,-0.37761,-0.39,0.09998
11,0.80759,184.03097,94,-0.37583,-0.39,0.09998
11,0.80759,184.03097,95,-0.37406,-0.39,0.09998
11,0.80759,184.03097,96,-0.37228,-0.39,0.09998
11,0.80759,184.03097,97,-0.37052,-0.39,0.09998
11,0.80759,184.03097,98,-0.36875,-0.39,0.09998
11,0.80759,184.03097,99,-0.367,-0.39,0.09998
11,0.80759,184.03097,100,-0.36524,-0.39,0.09998
11,0.80759,184.03097,101,-0.36349,-0.39,0.09998
11,0.80759,184.03097,102,-0.36175,-0.39,0.09998
11,0.80759,184.03097,103,-0.36001,-0.39,0.09998
11,0.80759,184.03097,104,-0.35827,-0.39,0.09998
11,0.80759,184.03097,105,-0.35654,-0.39,0.09998
11,0.80759,184.03097,106,-0.35481,-0.39,0.09998
11,0.80759,184.03097,107,-0.35309,-0.39,0.09998
11,0.80759,184.03097,108,-0.35137,-0.39,0.09998
11,0.80759,184.03097,109,-0.34965,-0.39,0.09998
11,0.80759,184.03097,110,-0.34794,-0.39,0.09998
11,0.80759,184.03097,111,-0.34624,-0.39,0.09998
11,0.80759,184.03097,112,-0.34453,-0.39,0.09998
11,0.80759,184.03097,113,-0.34283,-0.39,0.09998
11,0.80759,184.03097,114,-0.34114,-0.39,0.09998
11,0.80759,184.03097,115,-0.33945,-0.39,0.09998
11,0.80759,184.03097,116,-0.33776,-0.39,0.09998
11,0.80759,184.03097,117,-0.33608,-0.39,0.09998
11,0.80759,184.03097,118,-0.33441,-0.39,0.09998
11,0.80759,184.03097,119,-0.33273,-0.39,0.09998
11,0.80759,184.03097,120,-0.33106,-0.39,0.09998
12,0.80759,183.7388,1,-0.17356,-0.17645,0.92021
12,0.80759,183.7388,2,-0.38927,-0.35346,0.76608
12,0.80759,183.7388,3,-0.27628,-0.35879,0.59304
12,0.80759,183.7388,4,-0.16321,-0.30262,0.41106
12,0.80759,183.7388,5,-0.05132,-0.24702,0.21698
12,0.80759,183.7388,6,0.0604,-0.18546,0.11307
12,0.80759,183.7388,7,0.17324,-0.11135,0.19946
12,0.80759,183.7388,8,0.2852,-0.03782,0.27118
12,0.80759,183.7388,9,0.39633,0.03517,0.32834
12,0.80759,183.7388,10,0.34721,0.10662,0.38363
12,0.80759,183.7388,11,0.29835,0.17769,0.42458
12,0.80759,183.7388,12,0.24975,0.24838,0.45129
12,0.80759,183.7388,13,0.20139,0.31872,0.46384
12,0.80759,183.7388,14,0.15327,0.38871,0.46229
12,0.80759,183.7388,15,0.1025,0.37217,0.4635
12,0.80759,183.7388,16,0.05191,0.35569,0.45067
12,0.80759,183.7388,17,0.00151,0.33926,0.42385
12,0.80759,183.7388,18,-0.04867,0.32291,0.38309
12,0.80759,183.7388,19,-0.09865,0.30662,0.32848
12,0.80759,183.7388,20,-0.1484,0.29041,0.2601
12,0.80759,183.7388,21,-0.19789,0.27428,0.17803
12,0.80759,183.7388,22,-0.24426,0.25895,0.09875
12,0.80759,183.7388,23,-0.26777,0.24926,0.13643
12,0.80759,183.7388,24,-0.2912,0.23961,0.15995
12,0.80759,183.7388,25,-0.31457,0.22998,0.16936
12,0.80759,183.7388,26,-0.33788,0.22037,0.1647
12,0.80759,183.7388,27,-0.36113,0.21079,0.146
12,0.80759,183.7388,28,-0.3843,0.20124,0.11331
12,0.80759,183.7388,29,-0.39001,0.19029,0.10801
12,0.80759,183.7388,30,-0.39001,0.17877,0.1082
12,0.80759,183.7388,31,-0.39001,0.16729,0.10017
12,0.80759,183.7388,32,-0.39001,0.15588,0.09998
12,0.80759,183.7388,33,-0.39,0.14452,0.09998
12,0.80759,183.7388,34,-0.39,0.13322,0.09998
12,0.80759,183.7388,35,-0.39,0.12198,0.09998
12,0.80759,183.7388,36,-0.39,0.1108,0.09998
12,0.80759,183.7388,37,-0.39,0.09967,0.09998
12,0.80759,183.7388,38,-0.39,0.08859,0.09998
12,0.80759,183.7388,39,-0.39,0.07757,0.09998
12,0.80759,183.7388,40,-0.39,0.06661,0.09998
12,0.80759,183.7388,41,-0.39,0.05569,0.09998
12,0.80759,183.7388,42,-0.39,0.04483,0.09998
12,0.80759,183.7388,43,-0.39,0.03402,0.09998
12,0.80759,183.7388,44,-0.39,0.02326,0.09998
12,0.80759,183.7388,45,-0.39,0.01255,0.09998
12,0.80759,183.7388,46,-0.39,0.00189,0.09998
12,0.80759,183.7388,47,-0.39,-0.0087,0.09998
12,0.80759,183.7388,48,-0.39,-0.01927,0.09998
12,0.80759,183.7388,49,-0.39,-0.02978,0.09998
12,0.80759,183.7388,50,-0.39,-0.04024,0.09998
12,0.80759,183.7388,51,-0.39,-0.05066,0.09998
12,0.80759,183.7388,52,-0.39,-0.06103,0.09998
12,0.80759,183.7388,53,-0.39,-0.07135,0.09998
12,0.80759,183.7388,54,-0.39,-0.08163,0.09998
12,0.80759,183.7388,55,-0.39,-0.09187,0.09998
12,0.80759,183.7388,56,-0.39,-0.10206,0.09998
12,0.80759,183.7388,57,-0.39,-0.1122,0.09998
12,0.80759,183.7388,58,-0.39,-0.1223,0.09998
12,0.80759,183.7388,59,-0.39,-0.13236,0.09998
12,0.80759,183.7388,60,-0.39,-0.14237,0.09998
12,0.80759,183.7388,61,-0.39,-0.15234,0.09999
12,0.80759,183.7388,62,-0.39,-0.16227,0.09998
12,0.80759,183.7388,63,-0.39,-0.17216,0.09998
12,0.80759,183.7388,64,-0.39,-0.182,0.09998
12,0.80759,183.7388,65,-0.39,-0.19181,0.09998
12,0.80759,183.7388,66,-0.39,-0.20157,0.09998
12,0.80759,183.7388,67,-0.39,-0.2113,0.09998
12,0.80759,183.7388,68,-0.39,-0.22098,0.09998
12,0.80759,183.7388,69,-0.39,-0.23062,0.09998
12,0.80759,183.7388,70,-0.39,-0.24023,0.09998
12,0.80759,183.7388,71,-0.39,-0.2498,0.09998
12,0.80759,183.7388,72,-0.39,-0.25932,0.09998
12,0.80759,183.7388,73,-0.39,-0.26881,0.09998
12,0.80759,183.7388,74,-0.39,-0.27826,0.09998
12,0.80759,183.7388,75,-0.39,-0.28768,0.09998
12,0.80759,183.7388,76,-0.39,-0.29706,0.09998
12,0.80759,183.7388,77,-0.39,-0.3064,0.09998
12,0.80759,183.7388,78,-0.39,-0.3157,0.09998
12,0.80759,183.7388,79,-0.39,-0.32497,0.09998
12,0.80759,183.7388,80,-0.39,-0.3342,0.09998
12,0.80759,183.7388,81,-0.39,-0.3434,0.09998
12,0.80759,183.7388,82,-0.39,-0.35256,0.09998
12,0.80759,183.7388,83,-0.39,-0.36168,0.09998
12,0.80759,183.7388,84,-0.39,-0.37077,0.09998
12,0.80759,183.7388,85,-0.39,-0.37983,0.09998
12,0.80759,183.7388,86,-0.39,-0.38885,0.09998
12,0.80759,183.7388,87,-0.38839,-0.39001,0.09998
12,0.80759,183.7388,88,-0.38658,-0.39001,0.09998
12,0.80759,183.7388,89,-0.38478,-0.39,0.09998
12,0.80759,183.7388,90,-0.38298,-0.39,0.09998
12,0.80759,183.7388,91,-0.38119,-0.39,0.09998
12,0.80759,183.7388,92,-0.3794,-0.39,0.09998
12,0.80759,183.7388,93,-0.37761,-0.39,0.09998
12,0.80759,183.7388,94,-0.37583,-0.39,0.09998
12,0.80759,183.7388,95,-0.37406,-0.39,0.09998
12,0.80759,183.7388,96,-0.37228,-0.39,0.09998
12,0.80759,183.7388,97,-0.37052,-0.39,0.09998
12,0.80759,183.7388,98,-0.36875,-0.39,0.09998
12,0.80759,183.7388,99,-0.367,-0.39,0.09998
12,0.80759,183.7388,100,-0.36524,-0.39,0.09998
12,0.80759,183.7388,101,-0.36349,-0.39,0.09998
12,0.80759,183.7388,102,-0.36175,-0.39,0.09998
12,0.80759,183.7388,103,-0.36001,-0.39,0.09998
12,0.80759,183.7388,104,-0.35827,-0.39,0.09998
12,0.80759,183.7388,105,-0.35654,-0.39,0.09998
12,0.80759,183.7388,106,-0.35481,-0.39,0.09998
12,0.80759,183.7388,107,-0.35309,-0.39,0.09998
12,0.80759,183.7388,108,-0.35137,-0.39,0.09998
12,0.80759,183.7388,109,-0.34965,-0.39,0.09998
12,0.80759,183.7388,110,-0.34794,-0.39,0.09998
12,0.80759,183.7388,111,-0.34624,-0.39,0.09998
12,0.80759,183.7388,112,-0.34453,-0.39,0.09998
12,0.80759,183.7388,113,-0.34283,-0.39,0.09998
12,0.80759,183.7388,114,-0.34114,-0.39,0.09998
12,0.80759,183.7388,115,-0.33945,-0.39,0.09998
12,0.80759,183.7388,116,-0.33776,-0.39,0.09998
12,0.80759,183.7388,117,-0.33608,-0.39,0.09998
12,0.80759,183.7388,118,-0.33441,-0.39,0.09998
12,0.80759,183.7388,119,-0.33273,-0.39,0.09998
12,0.80759,183.7388,120,-0.33106,-0.39,0.09998
13,0.80759,220.85489,1,-0.17356,-0.17645,0.92021
13,0.80759,220.85489,2,-0.38927,-0.35346,0.76608
13,0.80759,220.85489,3,-0.27628,-0.35879,0.59304
13,0.80759,220.85489,4,-0.16321,-0.30262,0.41106
13,0.80759,220.85489,5,-0.05132,-0.24702,0.21698
13,0.80759,220.85489,6,0.0604,-0.18546,0.11307
13,0.80759,220.85489,7,0.17324,-0.11135,0.19946
13,0.80759,220.85489,8,0.2852,-0.03782,0.27118
13,0.80759,220.85489,9,0.39633,0.03517,0.32834
13,0.80759,220.85489,10,0.34721,0.10662,0.38363
13,0.80759,220.85489,11,0.29835,0.17769,0.42458
13,0.80759,220.85489,12,0.24975,0.24838,0.45129
13,0.80759,220.85489,13,0.20139,0.31872,0.46384
13,0.80759,220.85489,14,0.15327,0.38871,0.46229
13,0.80759,220.85489,15,0.1025,0.37217,0.4635
13,0.80759,220.85489,16,0.05191,0.35569,0.45067
13,0.80759,220.85489,17,0.00151,0.33926,0.42385
13,0.80759,220.85489,18,-0.04867,0.32291,0.38309
13,0.80759,220.85489,19,-0.09865,0.30662,0.32848
13,0.80759,220.85489,20,-0.1484,0.29041,0.2601
13,0.80759,220.85489,21,-0.19789,0.27428,0.17803
13,0.80759,220.85489,22,-0.24426,0.25895,0.09875
13,0.80759,220.85489,23,-0.26777,0.24926,0.13643
13,0.80759,220.85489,24,-0.2912,0.23961,0.15995
13,0.80759,220.85489,25,-0.31457,0.22998,0.16936
13,0.80759,220.85489,26,-0.33788,0.22037,0.1647
13,0.80759,220.85489,27,-0.36113,0.21079,0.146
13,0.80759,220.85489,28,-0.3843,0.20124,0.11331
13,0.80759,220.85489,29,-0.39001,0.19029,0.10801
13,0.80759,220.85489,30,-0.39001,0.17877,0.1082
13,0.80759,220.85489,31,-0.39001,0.16729,0.10017
13,0.80759,220.85489,32,-0.39001,0.15588,0.09998
13,0.80759,220.85489,33,-0.39,0.14452,0.09998
13,0.80759,220.85489,34,-0.39,0.13322,0.09998
13,0.80759,220.85489,35,-0.39,0.12198,0.09998
13,0.80759,220.85489,36,-0.39,0.1108,0.09998
13,0.80759,220.85489,37,-0.39,0.09967,0.09998
13,0.80759,220.85489,38,-0.39,0.08859,0.09998
13,0.80759,220.85489,39,-0.39,0.07757,0.09998
13,0.80759,220.85489,40,-0.39,0.06661,0.09998
13,0.80759,220.85489,41,-0.39,0.05569,0.09998
13,0.80759,220.85489,42,-0.39,0.04483,0.09998
13,0.80759,220.85489,43,-0.39,0.03402,0.09998
13,0.80759,220.85489,44,-0.39,0.02326,0.09998
13,0.80759,220.85489,45,-0.39,0.01255,0.09998
13,0.80759,220.85489,46,-0.39,0.00189,0.09998
13,0.80759,220.85489,47,-0.39,-0.0087,0.09998
13,0.80759,220.85489,48,-0.39,-0.01927,0.09998
13,0.80759,220.85489,49,-0.39,-0.02978,0.09998
13,0.80759,220.85489,50,-0.39,-0.04024,0.09998
13,0.80759,220.85489,51,-0.39,-0.05066,0.09998
13,0.80759,220.85489,52,-0.39,-0.06103,0.09998
13,0.80759,220.85489,53,-0.39,-0.07135,0.09998
13,0.80759,220.85489,54,-0.39,-0.08163,0.09998
13,0.80759,220.85489,55,-0.39,-0.09187,0.09998
13,0.80759,220.85489,56,-0.39,-0.10206,0.09998
13,0.80759,220.85489,57,-0.39,-0.1122,0.09998
13,0.80759,220.85489,58,-0.39,-0.1223,0.09998
13,0.80759,220.85489,59,-0.39,-0.13236,0.09998
13,0.80759,220.85489,60,-0.39,-0.14237,0.09998
13,0.80759,220.85489,61,-0.39,-0.15234,0.09999
13,0.80759,220.85489,62,-0.39,-0.16227,0.09998
13,0.80759,220.85489,63,-0.39,-0.17216,0.09998
13,0.80759,220.85489,64,-0.39,-0.182,0.09998
13,0.80759,220.85489,65,-0.39,-0.19181,0.09998
13,0.80759,220.85489,66,-0.39,-0.20157,0.09998
13,0.80759,220.85489,67,-0.39,-0.2113,0.09998
13,0.80759,220.85489,68,-0.39,-0.22098,0.09998
13,0.80759,220.85489,69,-0.39,-0.23062,0.09998
13,0.80759,220.85489,70,-0.39,-0.24023,0.09998
13,0.80759,220.85489,71,-0.39,-0.2498,0.09998
13,0.80759,220.85489,72,-0.39,-0.25932,0.09998
13,0.80759,220.85489,73,-0.39,-0.26881,0.09998
13,0.80759,220.85489,74,-0.39,-0.27826,0.09998
13,0.80759,220.85489,75,-0.39,-0.28768,0.09998
13,0.80759,220.85489,76,-0.39,-0.29706,0.09998
13,0.80759,220.85489,77,-0.39,-0.3064,0.09998
13,0.80759,220.85489,78,-0.39,-0.3157,0.09998
13,0.80759,220.85489,79,-0.39,-0.32497,0.09998
13,0.80759,220.85489,80,-0.39,-0.3342,0.09998
13,0.80759,220.85489,81,-0.39,-0.3434,0.09998
13,0.80759,220.85489,82,-0.39,-0.35256,0.09998
13,0.80759,220.85489,83,-0.39,-0.36168,0.09998
13,0.80759,220.85489,84,-0.39,-0.37077,0.09998
13,0.80759,220.85489,85,-0.39,-0.37983,0.09998
13,0.80759,220.85489,86,-0.39,-0.38885,0.09998
13,0.80759,220.85489,87,-0.38839,-0.39001,0.09998
13,0.80759,220.85489,88,-0.38658,-0.39001,0.09998
13,0.80759,220.85489,89,-0.38478,-0.39,0.09998
13,0.80759,220.85489,90,-0.38298,-0.39,0.09998
13,0.80759,220.85489,91,-0.38119,-0.39,0.09998
13,0.80759,220.85489,92,-0.3794,-0.39,0.09998
13,0.80759,220.85489,93,-0.37761,-0.39,0.09998
13,0.80759,220.85489,94,-0.37583,-0.39,0.09998
13,0.80759,220.85489,95,-0.37406,-0.39,0.09998
13,0.80759,220.85489,96,-0.37228,-0.39,0.09998
13,0.80759,220.85489,97,-0.37052,-0.39,0.09998
13,0.80759,220.85489,98,-0.36875,-0.39,0.09998
13,0.80759,220.85489,99,-0.367,-0.39,0.09998
13,0.80759,220.85489,100,-0.36524,-0.39,0.09998
13,0.80759,220.85489,101,-0.36349,-0.39,0.09998
13,0.80759,220.85489,102,-0.36175,-0.39,0.09998
13,0.80759,220.85489,103,-0.36001,-0.39,0.09998
13,0.80759,220.85489,104,-0.35827,-0.39,0.09998
13,0.80759,220.85489,105,-0.35654,-0.39,0.09998
13,0.80759,220.85489,106,-0.35481,-0.39,0.09998
13,0.80759,220.85489,107,-0.35309,-0.39,0.09998
13,0.80759,220.85489,108,-0.35137,-0.39,0.09998
13,0.80759,220.85489,109,-0.34965,-0.39,0.09998
13,0.80759,220.85489,110,-0.34794,-0.39,0.09998
13,0.80759,220.85489,111,-0.34624,-0.39,0.09998
13,0.80759,220.85489,112,-0.34453,-0.39,0.09998
13,0.80759,220.85489,113,-0.34283,-0.39,0.09998
13,0.80759,220.85489,114,-0.34114,-0.39,0.09998
13,0.80759,220.85489,115,-0.33945,-0.39,0.09998
13,0.80759,220.85489,116,-0.33776,-0.39,0.09998
13,0.80759,220.85489,117,-0.33608,-0.39,0.09998
13,0.80759,220.85489,118,-0.33441,-0.39,0.09998
13,0.80759,220.85489,119,-0.33273,-0.39,0.09998
13,0.80759,220.85489,120,-0.33106,-0.39,0.09998
14,0.80759,179.08238,1,-0.17356,-0.17645,0.92021
14,0.80759,179.08238,2,-0.38927,-0.35346,0.76608
14,0.80759,179.08238,3,-0.27628,-0.35879,0.59304
14,0.80759,179.08238,4,-0.16321,-0.30262,0.41106
14,0.80759,179.08238,5,-0.05132,-0.24702,0.21698
14,0.80759,179.08238,6,0.0604,-0.18546,0.11307
14,0.80759,179.08238,7,0.17324,-0.11135,0.19946
14,0.80759,179.08238,8,0.2852,-0.03782,0.27118
14,0.80759,179.08238,9,0.39633,0.03517,0.32834
14,0.80759,179.08238,10,0.34721,0.10662,0.38363
14,0.80759,179.08238,11,0.29835,0.17769,0.42458
14,0.80759,179.08238,12,0.24975,0.24838,0.45129
14,0.80759,179.08238,13,0.20139,0.31872,0.46384
14,0.80759,179.08238,14,0.15327,0.38871,0.46229
14,0.80759,179.08238,15,0.1025,0.37217,0.4635
14,0.80759,179.08238,16,0.05191,0.35569,0.45067
14,0.80759,179.08238,17,0.00151,0.33926,0.42385
14,0.80759,179.08238,18,-0.04867,0.32291,0.38309
14,0.80759,179.08238,19,-0.09865,0.30662,0.32848
14,0.80759,179.08238,20,-0.1484,0.29041,0.2601
14,0.80759,179.08238,21,-0.19789,0.27428,0.17803
14,0.80759,179.08238,22,-0.24426,0.25895,0.09875
14,0.80759,179.08238,23,-0.26777,0.24926,0.13643
14,0.80759,179.08238,24,-0.2912,0.23961,0.15995
14,0.80759,179.08238,25,-0.31457,0.22998,0.16936
14,0.80759,179.08238,26,-0.33788,0.22037,0.1647
14,0.80759,179.08238,27,-0.36113,0.21079,0.146
14,0.80759,179.08238,28,-0.3843,0.20124,0.11331
14,0.80759,179.08238,29,-0.39001,0.19029,0.10801
14,0.80759,179.08238,30,-0.39001,0.17877,0.1082
14,0.80759,179.08238,31,-0.39001,0.16729,0.10017
14,0.80759,179.08238,32,-0.39001,0.15588,0.09998
14,0.80759,179.08238,33,-0.39,0.14452,0.09998
14,0.80759,179.08238,34,-0.39,0.13322,0.09998
14,0.80759,179.08238,35,-0.39,0.12198,0.09998
14,0.80759,179.08238,36,-0.39,0.1108,0.09998
14,0.80759,179.08238,37,-0.39,0.09967,0.09998
14,0.80759,179.08238,38,-0.39,0.08859,0.09998
14,0.80759,179.08238,39,-0.39,0.07757,0.09998
14,0.80759,179.08238,40,-0.39,0.06661,0.09998
14,0.80759,179.08238,41,-0.39,0.05569,0.09998
14,0.80759,179.08238,42,-0.39,0.04483,0.09998
14,0.80759,179.08238,43,-0.39,0.03402,0.09998
14,0.80759,179.08238,44,-0.39,0.02326,0.09998
14,0.80759,179.08238,45,-0.39,0.01255,0.09998
14,0.80759,179.08238,46,-0.39,0.00189,0.09998
14,0.80759,179.08238,47,-0.39,-0.0087,0.09998
14,0.80759,179.08238,48,-0.39,-0.01927,0.09998
14,0.80759,179.08238,49,-0.39,-0.02978,0.09998
14,0.80759,179.08238,50,-0.39,-0.04024,0.09998
14,0.80759,179.08238,51,-0.39,-0.05066,0.09998
14,0.80759,179.08238,52,-0.39,-0.06103,0.09998
14,0.80759,179.08238,53,-0.39,-0.07135,0.09998
14,0.80759,179.08238,54,-0.39,-0.08163,0.09998
14,0.80759,179.08238,55,-0.39,-0.09187,0.09998
14,0.80759,179.08238,56,-0.39,-0.10206,0.09998
14,0.80759,179.08238,57,-0.39,-0.1122,0.09998
14,0.80759,179.08238,58,-0.39,-0.1223,0.09998
14,0.80759,179.08238,59,-0.39,-0.13236,0.09998
14,0.80759,179.08238,60,-0.39,-0.14237,0.09998
14,0.80759,179.08238,61,-0.39,-0.15234,0.09999
14,0.80759,179.08238,62,-0.39,-0.16227,0.09998
14,0.80759,179.08238,63,-0.39,-0.17216,0.09998
14,0.80759,179.08238,64,-0.39,-0.182,0.09998
14,0.80759,179.08238,65,-0.39,-0.19181,0.09998
14,0.80759,179.08238,66,-0.39,-0.20157,0.09998
14,0.80759,179.08238,67,-0.39,-0.2113,0.09998
14,0.80759,179.08238,68,-0.39,-0.22098,0.09998
14,0.80759,179.08238,69,-0.39,-0.23062,0.09998
14,0.80759,179.08238,70,-0.39,-0.24023,0.09998
14,0.80759,179.08238,71,-0.39,-0.2498,0.09998
14,0.80759,179.08238,72,-0.39,-0.25932,0.09998
14,0.80759,179.08238,73,-0.39,-0.26881,0.09998
14,0.80759,179.08238,74,-0.39,-0.27826,0.09998
14,0.80759,179.08238,75,-0.39,-0.28768,0.09998
14,0.80759,179.08238,76,-0.39,-0.29706,0.09998
14,0.80759,179.08238,77,-0.39,-0.3064,0.09998
14,0.80759,179.08238,78,-0.39,-0.3157,0.09998
14,0.80759,179.08238,79,-0.39,-0.32497,0.09998
14,0.80759,179.08238,80,-0.39,-0.3342,0.09998
14,0.80759,179.08238,81,-0.39,-0.3434,0.09998
14,0.80759,179.08238,82,-0.39,-0.35256,0.09998
14,0.80759,179.08238,83,-0.39,-0.36168,0.09998
14,0.80759,179.08238,84,-0.39,-0.37077,0.09998
14,0.80759,179.08238,85,-0.39,-0.37983,0.09998
14,0.80759,179.08238,86,-0.39,-0.38885,0.09998
14,0.80759,179.08238,87,-0.38839,-0.39001,0.09998
14,0.80759,179.08238,88,-0.38658,-0.39001,0.09998
14,0.80759,179.08238,89,-0.38478,-0.39,0.09998
14,0.80759,179.08238,90,-0.38298,-0.39,0.09998
14,0.80759,179.08238,91,-0.38119,-0.39,0.09998
14,0.80759,179.08238,92,-0.3794,-0.39,0.09998
14,0.80759,179.08238,93,-0.37761,-0.39,0.09998
14,0.80759,179.08238,94,-0.37583,-0.39,0.09998
14,0.80759,179.08238,95,-0.37406,-0.39,0.09998
14,0.80759,179.08238,96,-0.37228,-0.39,0.09998
14,0.80759,179.08238,97,-0.37052,-0.39,0.09998
14,0.80759,179.08238,98,-0.36875,-0.39,0.09998
14,0.80759,179.08238,99,-0.367,-0.39,0.09998
14,0.80759,179.08238,100,-0.36524,-0.39,0.09998
14,0.80759,179.08238,101,-0.36349,-0.39,0.09998
14,0.80759,179.08238,102,-0.36175,-0.39,0.09998
14,0.80759,179.08238,103,-0.36001,-0.39,0.09998
14,0.80759,179.08238,104,-0.35827,-0.39,0.09998
14,0.80759,179.08238,105,-0.35654,-0.39,0.09998
14,0.80759,179.08238,106,-0.35481,-0.39,0.09998
14,0.80759,179.08238,107,-0.35309,-0.39,0.09998
14,0.80759,179.08238,108,-0.35137,-0.39,0.09998
14,0.80759,179.08238,109,-0.34965,-0.39,0.09998
14,0.80759,179.08238,110,-0.34794,-0.39,0.09998
14,0.80759,179.08238,111,-0.34624,-0.39,0.09998
14,0.80759,179.08238,112,-0.34453,-0.39,0.09998
14,0.80759,179.08238,113,-0.34283,-0.39,0.09998
14,0.80759,179.08238,114,-0.34114,-0.39,0.09998
14,0.80759,179.08238,115,-0.33945,-0.39,0.09998
14,0.80759,179.08238,116,-0.33776,-0.39,0.09998
14,0.80759,179.08238,117,-0.33608,-0.39,0.09998
14,0.80759,179.08238,118,-0.33441,-0.39,0.09998
14,0.80759,179.08238,119,-0.33273,-0.39,0.09998
14,0.80759,179.08238,120,-0.33106,-0.39,0.09998
15,0.80759,219.2672,1,-0.17356,-0.17645,0.92021
15,0.80759,219.2672,2,-0.38927,-0.35346,0.76608
15,0.80759,219.2672,3,-0.27628,-0.35879,0.59304
15,0.80759,219.2672,4,-0.16321,-0.30262,0.41106
15,0.80759,219.2672,5,-0.05132,-0.24702,0.21698
15,0.80759,219.2672,6,0.0604,-0.18546,0.11307
15,0.80759,219.2672,7,0.17324,-0.11135,0.19946
15,0.80759,219.2672,8,0.2852,-0.03782,0.27118
15,0.80759,219.2672,9,0.39633,0.03517,0.32834
15,0.80759,219.2672,10,0.34721,0.10662,0.38363
15,0.80759,219.2672,11,0.29835,0.17769,0.42458
15,0.80759,219.2672,12,0.24975,0.24838,0.45129
15,0.80759,219.2672,13,0.20139,0.31872,0.46384
15,0.80759,219.2672,14,0.15327,0.38871,0.46229
15,0.80759,219.2672,15,0.1025,0.37217,0.4635
15,0.80759,219.2672,16,0.05191,0.35569,0.45067
15,0.80759,219.2672,17,0.00151,0.33926,0.42385
15,0.80759,219.2672,18,-0.04867,0.32291,0.38309
15,0.80759,219.2672,19,-0.09865,0.30662,0.32848
15,0.80759,219.2672,20,-0.1484,0.29041,0.2601
15,0.80759,219.2672,21,-0.19789,0.27428,0.17803
15,0.80759,219.2672,22,-0.24426,0.25895,0.09875
15,0.80759,219.2672,23,-0.26777,0.24926,0.13643
15,0.80759,219.2672,24,-0.2912,0.23961,0.15995
15,0.80759,219.2672,25,-0.31457,0.22998,0.16936
15,0.80759,219.2672,26,-0.33788,0.22037,0.1647
15,0.80759,219.2672,27,-0.36113,0.21079,0.146
15,0.80759,219.2672,28,-0.3843,0.20124,0.11331
15,0.80759,219.2672,29,-0.39001,0.19029,0.10801
15,0.80759,219.2672,30,-0.39001,0.17877,0.1082
15,0.80759,219.2672,31,-0.39001,0.16729,0.10017
15,0.80759,219.2672,32,-0.39001,0.15588,0.09998
15,0.80759,219.2672,33,-0.39,0.14452,0.09998
15,0.80759,219.2672,34,-0.39,0.13322,0.09998
15,0.80759,219.2672,35,-0.39,0.12198,0.09998
15,0.80759,219.2672,36,-0.39,0.1108,0.09998
15,0.80759,219.2672,37,-0.39,0.09967,0.09998
15,0.80759,219.2672,38,-0.39,0.08859,0.09998
15,0.80759,219.2672,39,-0.39,0.07757,0.09998
15,0.80759,219.2672,40,-0.39,0.06661,0.09998
15,0.80759,219.2672,41,-0.39,0.05569,0.09998
15,0.80759,219.2672,42,-0.39,0.04483,0.09998
15,0.80759,219.2672,43,-0.39,0.03402,0.09998
15,0.80759,219.2672,44,-0.39,0.02326,0.09998
15,0.80759,219.2672,45,-0.39,0.01255,0.09998
15,0.80759,219.2672,46,-0.39,0.00189,0.09998
15,0.80759,219.2672,47,-0.39,-0.0087,0.09998
15,0.80759,219.2672,48,-0.39,-0.01927,0.09998
15,0.80759,219.2672,49,-0.39,-0.02978,0.09998
15,0.80759,219.2672,50,-0.39,-0.04024,0.09998
15,0.80759,219.2672,51,-0.39,-0.05066,0.09998
15,0.80759,219.2672,52,-0.39,-0.06103,0.09998
15,0.80759,219.2672,53,-0.39,-0.07135,0.09998
15,0.80759,219.2672,54,-0.39,-0.08163,0.09998
15,0.80759,219.2672,55,-0.39,-0.09187,0.09998
15,0.80759,219.2672,56,-0.39,-0.10206,0.09998
15,0.80759,219.2672,57,-0.39,-0.1122,0.09998
15,0.80759,219.2672,58,-0.39,-0.1223,0.09998
15,0.80759,219.2672,59,-0.39,-0.13236,0.09998
15,0.80759,219.2672,60,-0.39,-0.14237,0.09998
15,0.80759,219.2672,61,-0.39,-0.15234,0.09999
15,0.80759,219.2672,62,-0.39,-0.16227,0.09998
15,0.80759,219.2672,63,-0.39,-0.17216,0.09998
15,0.80759,219.2672,64,-0.39,-0.182,0.09998
15,0.80759,219.2672,65,-0.39,-0.19181,0.09998
15,0.80759,219.2672,66,-0.39,-0.20157,0.09998
15,0.80759,219.2672,67,-0.39,-0.2113,0.09998
15,0.80759,219.2672,68,-0.39,-0.22098,0.09998
15,0.80759,219.2672,69,-0.39,-0.23062,0.09998
15,0.80759,219.2672,70,-0.39,-0.24023,0.09998
15,0.80759,219.2672,71,-0.39,-0.2498,0.09998
15,0.80759,219.2672,72,-0.39,-0.25932,0.09998
15,0.80759,219.2672,73,-0.39,-0.26881,0.09998
15,0.80759,219.2672,74,-0.39,-0.27826,0.09998
15,0.80759,219.2672,75,-0.39,-0.28768,0.09998
15,0.80759,219.2672,76,-0.39,-0.29706,0.09998
15,0.80759,219.2672,77,-0.39,-0.3064,0.09998
15,0.80759,219.2672,78,-0.39,-0.3157,0.09998
15,0.80759,219.2672,79,-0.39,-0.32497,0.09998
15,0.80759,219.2672,80,-0.39,-0.3342,0.09998
15,0.80759,219.2672,81,-0.39,-0.3434,0.09998
15,0.80759,219.2672,82,-0.39,-0.35256,0.09998
15,0.80759,219.2672,83,-0.39,-0.36168,0.09998
15,0.80759,219.2672,84,-0.39,-0.37077,0.09998
15,0.80759,219.2672,85,-0.39,-0.37983,0.09998
15,0.80759,219.2672,86,-0.39,-0.38885,0.09998
15,0.80759,219.2672,87,-0.38839,-0.39001,0.09998
15,0.80759,219.2672,88,-0.38658,-0.39001,0.09998
15,0.80759,219.2672,89,-0.38478,-0.39,0.09998
15,0.80759,219.2672,90,-0.38298,-0.39,0.09998
15,0.80759,219.2672,91,-0.38119,-0.39,0.09998
15,0.80759,219.2672,92,-0.3794,-0.39,0.09998
15,0.80759,219.2672,93,-0.37761,-0.39,0.09998
15,0.80759,219.2672,94,-0.37583,-0.39,0.09998
15,0.80759,219.2672,95,-0.37406,-0.39,0.09998
15,0.80759,219.2672,96,-0.37228,-0.39,0.09998
15,0.80759,219.2672,97,-0.37052,-0.39,0.09998
15,0.80759,219.2672,98,-0.36875,-0.39,0.09998
15,0.80759,219.2672,99,-0.367,-0.39,0.09998
15,0.80759,219.2672,100,-0.36524,-0.39,0.09998
15,0.80759,219.2672,101,-0.36349,-0.39,0.09998
15,0.80759,219.2672,102,-0.36175,-0.39,0.09998
15,0.80759,219.2672,103,-0.36001,-0.39,0.09998
15,0.80759,219.2672,104,-0.35827,-0.39,0.09998
15,0.80759,219.2672,105,-0.35654,-0.39,0.09998
15,0.80759,219.2672,106,-0.35481,-0.39,0.09998
15,0.80759,219.2672,107,-0.35309,-0.39,0.09998
15,0.80759,219.2672,108,-0.35137,-0.39,0.09998
15,0.80759,219.2672,109,-0.34965,-0.39,0.09998
15,0.80759,219.2672,110,-0.34794,-0.39,0.09998
15,0.80759,219.2672,111,-0.34624,-0.39,0.09998
15,0.80759,219.2672,112,-0.34453,-0.39,0.09998
15,0.80759,219.2672,113,-0.34283,-0.39,0.09998
15,0.80759,219.2672,114,-0.34114,-0.39,0.09998
15,0.80759,219.2672,115,-0.33945,-0.39,0.09998
15,0.80759,219.2672,116,-0.33776,-0.39,0.09998
15,0.80759,219.2672,117,-0.33608,-0.39,0.09998
15,0.80759,219.2672,118,-0.33441,-0.39,0.09998
15,0.80759,219.2672,119,-0.33273,-0.39,0.09998
15,0.80759,219.2672,120,-0.33106,-0.39,0.09998
16,0.80759,192.2855,1,-0.17356,-0.17645,0.92021
16,0.80759,192.2855,2,-0.38927,-0.35346,0.76608
16,0.80759,192.2855,3,-0.27628,-0.35879,0.59304
16,0.80759,192.2855,4,-0.16321,-0.30262,0.41106
16,0.80759,192.2855,5,-0.05132,-0.24702,0.21698
16,0.80759,192.2855,6,0.0604,-0.18546,0.11307
16,0.80759,192.2855,7,0.17324,-0.11135,0.19946
16,0.80759,192.2855,8,0.2852,-0.03782,0.27118
16,0.80759,192.2855,9,0.39633,0.03517,0.32834
16,0.80759,192.2855,10,0.34721,0.10662,0.38363
16,0.80759,192.2855,11,0.29835,0.17769,0.42458
16,0.80759,192.2855,12,0.24975,0.24838,0.45129
16,0.80759,192.2855,13,0.20139,0.31872,0.46384
16,0.80759,192.2855,14,0.15327,0.38871,0.46229
16,0.80759,192.2855,15,0.1025,0.37217,0.4635
16,0.80759,192.2855,16,0.05191,0.35569,0.45067
16,0.80759,192.2855,17,0.00151,0.33926,0.42385
16,0.80759,192.2855,18,-0.04867,0.32291,0.38309
16,0.80759,192.2855,19,-0.09865,0.30662,0.32848
16,0.80759,192.2855,20,-0.1484,0.29041,0.2601
16,0.80759,192.2855,21,-0.19789,0.27428,0.17803
16,0.80759,192.2855,22,-0.24426,0.25895,0.09875
16,0.80759,192.2855,23,-0.26777,0.24926,0.13643
16,0.80759,192.2855,24,-0.2912,0.23961,0.15995
16,0.80759,192.2855,25,-0.31457,0.22998,0.16936
16,0.80759,192.2855,26,-0.33788,0.22037,0.1647
16,0.80759,192.2855,27,-0.36113,0.21079,0.146
16,0.80759,192.2855,28,-0.3843,0.20124,0.11331
16,0.80759,192.2855,29,-0.39001,0.19029,0.10801
16,0.80759,192.2855,30,-0.39001,0.17877,0.1082
16,0.80759,192.2855,31,-0.39001,0.16729,0.10017
16,0.80759,192.2855,32,-0.39001,0.15588,0.09998
16,0.80759,192.2855,33,-0.39,0.14452,0.09998
16,0.80759,192.2855,34,-0.39,0.13322,0.09998
16,0.80759,192.2855,35,-0.39,0.12198,0.09998
16,0.80759,192.2855,36,-0.39,0.1108,0.09998
16,0.80759,192.2855,37,-0.39,0.09967,0.09998
16,0.80759,192.2855,38,-0.39,0.08859,0.09998
16,0.80759,192.2855,39,-0.39,0.07757,0.09998
16,0.80759,192.2855,40,-0.39,0.06661,0.09998
16,0.80759,192.2855,41,-0.39,0.05569,0.09998
16,0.80759,192.2855,42,-0.39,0.04483,0.09998
16,0.80759,192.2855,43,-0.39,0.03402,0.09998
16,0.80759,192.2855,44,-0.39,0.02326,0.09998
16,0.80759,192.2855,45,-0.39,0.01255,0.09998
16,0.80759,192.2855,46,-0.39,0.00189,0.09998
16,0.80759,192.2855,47,-0.39,-0.0087,0.09998
16,0.80759,192.2855,48,-0.39,-0.01927,0.09998
16,0.80759,192.2855,49,-0.39,-0.02978,0.09998
16,0.80759,192.2855,50,-0.39,-0.04024,0.09998
16,0.80759,192.2855,51,-0.39,-0.05066,0.09998
16,0.80759,192.2855,52,-0.39,-0.06103,0.09998
16,0.80759,192.2855,53,-0.39,-0.07135,0.09998
16,0.80759,192.2855,54,-0.39,-0.08163,0.09998
16,0.80759,192.2855,55,-0.39,-0.09187,0.09998
16,0.80759,192.2855,56,-0.39,-0.10206,0.09998
16,0.80759,192.2855,57,-0.39,-0.1122,0.09998
16,0.80759,192.2855,58,-0.39,-0.1223,0.09998
16,0.80759,192.2855,59,-0.39,-0.13236,0.09998
16,0.80759,192.2855,60,-0.39,-0.14237,0.09998
16,0.80759,192.2855,61,-0.39,-0.15234,0.09999
16,0.80759,192.2855,62,-0.39,-0.16227,0.09998
16,0.80759,192.2855,63,-0.39,-0.17216,0.09998
16,0.80759,192.2855,64,-0.39,-0.182,0.09998
16,0.80759,192.2855,65,-0.39,-0.19181,0.09998
16,0.80759,192.2855,66,-0.39,-0.20157,0.09998
16,0.80759,192.2855,67,-0.39,-0.2113,0.09998
16,0.80759,192.2855,68,-0.39,-0.22098,0.09998
16,0.80759,192.2855,69,-0.39,-0.23062,0.09998
16,0.80759,192.2855,70,-0.39,-0.24023,0.09998
16,0.80759,192.2855,71,-0.39,-0.2498,0.09998
16,0.80759,192.2855,72,-0.39,-0.25932,0.09998
16,0.80759,192.2855,73,-0.39,-0.26881,0.09998
16,0.80759,192.2855,74,-0.39,-0.27826,0.09998
16,0.80759,192.2855,75,-0.39,-0.28768,0.09998
16,0.80759,192.2855,76,-0.39,-0.29706,0.09998
16,0.80759,192.2855,77,-0.39,-0.3064,0.09998
16,0.80759,192.2855,78,-0.39,-0.3157,0.09998
16,0.80759,192.2855,79,-0.39,-0.32497,0.09998
16,0.80759,192.2855,80,-0.39,-0.3342,0.09998
16,0.80759,192.2855,81,-0.39,-0.3434,0.09998
16,0.80759,192.2855,82,-0.39,-0.35256,0.09998
16,0.80759,192.2855,83,-0.39,-0.36168,0.09998
16,0.80759,192.2855,84,-0.39,-0.37077,0.09998
16,0.80759,192.2855,85,-0.39,-0.37983,0.09998
16,0.80759,192.2855,86,-0.39,-0.38885,0.09998
16,0.80759,192.2855,87,-0.38839,-0.39001,0.09998
16,0.80759,192.2855,88,-0.38658,-0.39001,0.09998
16,0.80759,192.2855,89,-0.38478,-0.39,0.09998
16,0.80759,192.2855,90,-0.38298,-0.39,0.09998
16,0.80759,192.2855,91,-0.38119,-0.39,0.09998
16,0.80759,192.2855,92,-0.3794,-0.39,0.09998
16,0.80759,192.2855,93,-0.37761,-0.39,0.09998
16,0.80759,192.2855,94,-0.37583,-0.39,0.09998
16,0.80759,192.2855,95,-0.37406,-0.39,0.09998
16,0.80759,192.2855,96,-0.37228,-0.39,0.09998
16,0.80759,192.2855,97,-0.37052,-0.39,0.09998
16,0.80759,192.2855,98,-0.36875,-0.39,0.09998
16,0.80759,192.2855,99,-0.367,-0.39,0.09998
16,0.80759,192.2855,100,-0.36524,-0.39,0.09998
16,0.80759,192.2855,101,-0.36349,-0.39,0.09998
16,0.80759,192.2855,102,-0.36175,-0.39,0.09998
16,0.80759,192.2855,103,-0.36001,-0.39,0.09998
16,0.80759,192.2855,104,-0.35827,-0.39,0.09998
16,0.80759,192.2855,105,-0.35654,-0.39,0.09998
16,0.80759,192.2855,106,-0.35481,-0.39,0.09998
16,0.80759,192.2855,107,-0.35309,-0.39,0.09998
16,0.80759,192.2855,108,-0.35137,-0.39,0.09998
16,0.80759,192.2855,109,-0.34965,-0.39,0.09998
16,0.80759,192.2855,110,-0.34794,-0.39,0.09998
16,0.80759,192.2855,111,-0.34624,-0.39,0.09998
16,0.80759,192.2855,112,-0.34453,-0.39,0.09998
16,0.80759,192.2855,113,-0.34283,-0.39,0.09998
16,0.80759,192.2855,114,-0.34114,-0.39,0.09998
16,0.80759,192.2855,115,-0.33945,-0.39,0.09998
16,0.80759,192.2855,116,-0.33776,-0.39,0.09998
16,0.80759,192.2855,117,-0.33608,-0.39,0.09998
16,0.80759,192.2855,118,-0.33441,-0.39,0.09998
16,0.80759,192.2855,119,-0.33273,-0.39,0.09998
16,0.80759,192.2855,120,-0.33106,-0.39,0.09998
17,0.80759,185.324,1,-0.17356,-0.17645,0.92021
17,0.80759,185.324,2,-0.38927,-0.35346,0.76608
17,0.80759,185.324,3,-0.27628,-0.35879,0.59304
17,0.80759,185.324,4,-0.16321,-0.30262,0.41106
17,0.80759,185.324,5,-0.05132,-0.24702,0.21698
17,0.80759,185.324,6,0.0604,-0.18546,0.11307
17,0.80759,185.324,7,0.17324,-0.11135,0.19946
17,0.80759,185.324,8,0.2852,-0.03782,0.27118
17,0.80759,185.324,9,0.39633,0.03517,0.32834
17,0.80759,185.324,10,0.34721,0.10662,0.38363
17,0.80759,185.324,11,0.29835,0.17769,0.42458
17,0.80759,185.324,12,0.24975,0.24838,0.45129
17,0.80759,185.324,13,0.20139,0.31872,0.46384
17,0.80759,185.324,14,0.15327,0.38871,0.46229
17,0.80759,185.324,15,0.1025,0.37217,0.4635
17,0.80759,185.324,16,0.05191,0.35569,0.45067
17,0.80759,185.324,17,0.00151,0.33926,0.42385
17,0.80759,185.324,18,-0.04867,0.32291,0.38309
17,0.80759,185.324,19,-0.09865,0.30662,0.32848
17,0.80759,185.324,20,-0.1484,0.29041,0.2601
17,0.80759,185.324,21,-0.19789,0.27428,0.17803
17,0.80759,185.324,22,-0.24426,0.25895,0.09875
17,0.80759,185.324,23,-0.26777,0.24926,0.13643
17,0.80759,185.324,24,-0.2912,0.23961,0.15995
17,0.80759,185.324,25,-0.31457,0.22998,0.16936
17,0.80759,185.324,26,-0.33788,0.22037,0.1647
17,0.80759,185.324,27,-0.36113,0.21079,0.146
17,0.80759,185.324,28,-0.3843,0.20124,0.11331
17,0.80759,185.324,29,-0.39001,0.19029,0.10801
17,0.80759,185.324,30,-0.39001,0.17877,0.1082
17,0.80759,185.324,31,-0.39001,0.16729,0.10017
17,0.80759,185.324,32,-0.39001,0.15588,0.09998
17,0.80759,185.324,33,-0.39,0.14452,0.09998
17,0.80759,185.324,34,-0.39,0.13322,0.09998
17,0.80759,185.324,35,-0.39,0.12198,0.09998
17,0.80759,185.324,36,-0.39,0.1108,0.09998
17,0.80759,185.324,37,-0.39,0.09967,0.09998
17,0.80759,185.324,38,-0.39,0.08859,0.09998
17,0.80759,185.324,39,-0.39,0.07757,0.09998
17,0.80759,185.324,40,-0.39,0.06661,0.09998
17,0.80759,185.324,41,-0.39,0.05569,0.09998
17,0.80759,185.324,42,-0.39,0.04483,0.09998
17,0.80759,185.324,43,-0.39,0.03402,0.09998
17,0.80759,185.324,44,-0.39,0.02326,0.09998
17,0.80759,185.324,45,-0.39,0.01255,0.09998
17,0.80759,185.324,46,-0.39,0.00189,0.09998
17,0.80759,185.324,47,-0.39,-0.0087,0.09998
17,0.80759,185.324,48,-0.39,-0.01927,0.09998
17,0.80759,185.324,49,-0.39,-0.02978,0.09998
17,0.80759,185.324,50,-0.39,-0.04024,0.09998
17,0.80759,185.324,51,-0.39,-0.05066,0.09998
17,0.80759,185.324,52,-0.39,-0.06103,0.09998
17,0.80759,185.324,53,-0.39,-0.07135,0.09998
17,0.80759,185.324,54,-0.39,-0.08163,0.09998
17,0.80759,185.324,55,-0.39,-0.09187,0.09998
17,0.80759,185.324,56,-0.39,-0.10206,0.09998
17,0.80759,185.324,57,-0.39,-0.1122,0.09998
17,0.80759,185.324,58,-0.39,-0.1223,0.09998
17,0.80759,185.324,59,-0.39,-0.13236,0.09998
17,0.80759,185.324,60,-0.39,-0.14237,0.09998
17,0.80759,185.324,61,-0.39,-0.15234,0.09999
17,0.80759,185.324,62,-0.39,-0.16227,0.09998
17,0.80759,185.324,63,-0.39,-0.17216,0.09998
17,0.80759,185.324,64,-0.39,-0.182,0.09998
17,0.80759,185.324,65,-0.39,-0.19181,0.09998
17,0.80759,185.324,66,-0.39,-0.20157,0.09998
17,0.80759,185.324,67,-0.39,-0.2113,0.09998
17,0.80759,185.324,68,-0.39,-0.22098,0.09998
17,0.80759,185.324,69,-0.39,-0.23062,0.09998
17,0.80759,185.324,70,-0.39,-0.24023,0.09998
17,0.80759,185.324,71,-0.39,-0.2498,0.09998
17,0.80759,185.324,72,-0.39,-0.25932,0.09998
17,0.80759,185.324,73,-0.39,-0.26881,0.09998
17,0.80759,185.324,74,-0.39,-0.27826,0.09998
17,0.80759,185.324,75,-0.39,-0.28768,0.09998
17,0.80759,185.324,76,-0.39,-0.29706,0.09998
17,0.80759,185.324,77,-0.39,-0.3064,0.09998
17,0.80759,185.324,78,-0.39,-0.3157,0.09998
17,0.80759,185.324,79,-0.39,-0.32497,0.09998
17,0.80759,185.324,80,-0.39,-0.3342,0.09998
17,0.80759,185.324,81,-0.39,-0.3434,0.09998
17,0.80759,185.324,82,-0.39,-0.35256,0.09998
17,0.80759,185.324,83,-0.39,-0.36168,0.09998
17,0.80759,185.324,84,-0.39,-0.37077,0.09998
17,0.80759,185.324,85,-0.39,-0.37983,0.09998
17,0.80759,185.324,86,-0.39,-0.38885,0.09998
17,0.80759,185.324,87,-0.38839,-0.39001,0.09998
17,0.80759,185.324,88,-0.38658,-0.39001,0.09998
17,0.80759,185.324,89,-0.38478,-0.39,0.09998
17,0.80759,185.324,90,-0.38298,-0.39,0.09998
17,0.80759,185.324,91,-0.38119,-0.39,0.09998
17,0.80759,185.324,92,-0.3794,-0.39,0.09998
17,0.80759,185.324,93,-0.37761,-0.39,0.09998
17,0.80759,185.324,94,-0.37583,-0.39,0.09998
17,0.80759,185.324,95,-0.37406,-0.39,0.09998
17,0.80759,185.324,96,-0.37228,-0.39,0.09998
17,0.80759,185.324,97,-0.37052,-0.39,0.09998
17,0.80759,185.324,98,-0.36875,-0.39,0.09998
17,0.80759,185.324,99,-0.367,-0.39,0.09998
17,0.80759,185.324,100,-0.36524,-0.39,0.09998
17,0.80759,185.324,101,-0.36349,-0.39,0.09998
17,0.80759,185.324,102,-0.36175,-0.39,0.09998
17,0.80759,185.324,103,-0.36001,-0.39,0.09998
17,0.80759,185.324,104,-0.35827,-0.39,0.09998
17,0.80759,185.324,105,-0.35654,-0.39,0.09998
17,0.80759,185.324,106,-0.35481,-0.39,0.09998
17,0.80759,185.324,107,-0.35309,-0.39,0.09998
17,0.80759,185.324,108,-0.35137,-0.39,0.09998
17,0.80759,185.324,109,-0.34965,-0.39,0.09998
17,0.80759,185.324,110,-0.34794,-0.39,0.09998
17,0.80759,185.324,111,-0.34624,-0.39,0.09998
17,0.80759,185.324,112,-0.34453,-0.39,0.09998
17,0.80759,185.324,113,-0.34283,-0.39,0.09998
17,0.80759,185.324,114,-0.34114,-0.39,0.09998
17,0.80759,185.324,115,-0.33945,-0.39,0.09998
17,0.80759,185.324,116,-0.33776,-0.39,0.09998
17,0.80759,185.324,117,-0.33608,-0.39,0.09998
17,0.80759,185.324,118,-0.33441,-0.39,0.09998
17,0.80759,185.324,119,-0.33273,-0.39,0.09998
17,0.80759,185.324,120,-0.33106,-0.39,0.09998
18,0.80788,180.0029,1,-0.17356,-0.17645,0.92021
18,0.80788,180.0029,2,-0.38926,-0.35345,0.76604
18,0.80788,180.0029,3,-0.27625,-0.35878,0.59297
18,0.80788,180.0029,4,-0.16316,-0.30259,0.41095
18,0.80788,180.0029,5,-0.05125,-0.24699,0.21685
18,0.80788,180.0029,6,0.06049,-0.18541,0.11296
18,0.80788,180.0029,7,0.17334,-0.11129,0.19951
18,0.80788,180.0029,8,0.28532,-0.03774,0.27137
18,0.80788,180.0029,9,0.39646,0.03525,0.32868
18,0.80788,180.0029,10,0.34722,0.10671,0.38408
18,0.80788,180.0029,11,0.29825,0.17779,0.42514
18,0.80788,180.0029,12,0.24953,0.24849,0.45196
18,0.80788,180.0029,13,0.20106,0.31884,0.46461
18,0.80788,180.0029,14,0.15282,0.38884,0.46316
18,0.80788,180.0029,15,0.10197,0.37116,0.46445
18,0.80788,180.0029,16,0.0513,0.35356,0.45169
18,0.80788,180.0029,17,0.00082,0.33601,0.42494
18,0.80788,180.0029,18,-0.04944,0.31854,0.38427
18,0.80788,180.0029,19,-0.0995,0.30114,0.32973
18,0.80788,180.0029,20,-0.14932,0.28383,0.26142
18,0.80788,180.0029,21,-0.19889,0.2666,0.17943
18,0.80788,180.0029,22,-0.24533,0.25021,0.1001
18,0.80788,180.0029,23,-0.26888,0.23976,0.13671
18,0.80788,180.0029,24,-0.29235,0.22935,0.15917
18,0.80788,180.0029,25,-0.31576,0.21896,0.16751
18,0.80788,180.0029,26,-0.3391,0.2086,0.1618
18,0.80788,180.0029,27,-0.36239,0.19827,0.14205
18,0.80788,180.0029,28,-0.38561,0.18797,0.10831
18,0.80788,180.0029,29,-0.38833,0.17523,0.10832
18,0.80788,180.0029,30,-0.38599,0.16167,0.10724
18,0.80788,180.0029,31,-0.38527,0.1485,0.09999
18,0.80788,180.0029,32,-0.38649,0.13583,0.09999
18,0.80788,180.0029,33,-0.3877,0.12323,0.09999
18,0.80788,180.0029,34,-0.38891,0.11069,0.09998
18,0.80788,180.0029,35,-0.39001,0.09818,0.09998
18,0.80788,180.0029,36,-0.39001,0.08547,0.09998
18,0.80788,180.0029,37,-0.39,0.07281,0.09998
18,0.80788,180.0029,38,-0.39,0.06022,0.09998
18,0.80788,180.0029,39,-0.39,0.04768,0.09998
18,0.80788,180.0029,40,-0.39,0.03521,0.09998
18,0.80788,180.0029,41,-0.39,0.02279,0.09998
18,0.80788,180.0029,42,-0.39,0.01043,0.09998
18,0.80788,180.0029,43,-0.39,-0.00186,0.09998
18,0.80788,180.0029,44,-0.39,-0.0141,0.09998
18,0.80788,180.0029,45,-0.39,-0.02629,0.09998
18,0.80788,180.0029,46,-0.39,-0.03842,0.09998
18,0.80788,180.0029,47,-0.39,-0.0505,0.09998
18,0.80788,180.0029,48,-0.39,-0.06252,0.09998
18,0.80788,180.0029,49,-0.39,-0.07449,0.09998
18,0.80788,180.0029,50,-0.39,-0.08641,0.09998
18,0.80788,180.0029,51,-0.39,-0.09827,0.09998
18,0.80788,180.0029,52,-0.39,-0.11008,0.09998
18,0.80788,180.0029,53,-0.39,-0.12184,0.09998
18,0.80788,180.0029,54,-0.39,-0.13355,0.09998
18,0.80788,180.0029,55,-0.39,-0.14521,0.09998
18,0.80788,180.0029,56,-0.39,-0.15681,0.09998
18,0.80788,180.0029,57,-0.39,-0.16837,0.09998
18,0.80788,180.0029,58,-0.39,-0.17988,0.09998
18,0.80788,180.0029,59,-0.39,-0.19134,0.09998
18,0.80788,180.0029,60,-0.39,-0.20275,0.09998
18,0.80788,180.0029,61,-0.39,-0.21411,0.09998
18,0.80788,180.0029,62,-0.39,-0.22543,0.09998
18,0.80788,180.0029,63,-0.39,-0.2367,0.09998
18,0.80788,180.0029,64,-0.39,-0.24792,0.09998
18,0.80788,180.0029,65,-0.39,-0.25909,0.09998
18,0.80788,180.0029,66,-0.39,-0.27022,0.09998
18,0.80788,180.0029,67,-0.39,-0.28131,0.09998
18,0.80788,180.0029,68,-0.39,-0.29235,0.09998
18,0.80788,180.0029,69,-0.39,-0.30334,0.09998
18,0.80788,180.0029,70,-0.39,-0.31429,0.09998
18,0.80788,180.0029,71,-0.39,-0.3252,0.09998
18,0.80788,180.0029,72,-0.39,-0.33606,0.09998
18,0.80788,180.0029,73,-0.39,-0.34688,0.09998
18,0.80788,180.0029,74,-0.39,-0.35766,0.09998
18,0.80788,180.0029,75,-0.39,-0.36839,0.09998
18,0.80788,180.0029,76,-0.39,-0.37909,0.09998
18,0.80788,180.0029,77,-0.38996,-0.38953,0.09998
18,0.80788,180.0029,78,-0.38805,-0.39001,0.09998
18,0.80788,180.0029,79,-0.38608,-0.39001,0.09998
18,0.80788,180.0029,80,-0.38412,-0.39,0.09998
18,0.80788,180.0029,81,-0.38216,-0.39,0.09998
18,0.80788,180.0029,82,-0.38021,-0.39,0.09998
18,0.80788,180.0029,83,-0.37826,-0.39,0.09998
18,0.80788,180.0029,84,-0.37631,-0.39,0.09998
18,0.80788,180.0029,85,-0.37437,-0.39,0.09998
18,0.80788,180.0029,86,-0.37244,-0.39,0.09998
18,0.80788,180.0029,87,-0.37051,-0.39,0.09998
18,0.80788,180.0029,88,-0.36859,-0.39,0.09998
18,0.80788,180.0029,89,-0.36667,-0.39,0.09998
18,0.80788,180.0029,90,-0.36475,-0.39,0.09998
18,0.80788,180.0029,91,-0.36284,-0.39,0.09998
18,0.80788,180.0029,92,-0.36093,-0.39,0.09998
18,0.80788,180.0029,93,-0.35903,-0.39,0.09998
18,0.80788,180.0029,94,-0.35713,-0.39,0.09998
18,0.80788,180.0029,95,-0.35524,-0.39,0.09998
18,0.80788,180.0029,96,-0.35335,-0.39,0.09998
18,0.80788,180.0029,97,-0.35147,-0.39,0.09998
18,0.80788,180.0029,98,-0.34959,-0.39,0.09998
18,0.80788,180.0029,99,-0.34772,-0.39,0.09998
18,0.80788,180.0029,100,-0.34585,-0.39,0.09998
18,0.80788,180.0029,101,-0.34398,-0.39,0.09998
18,0.80788,180.0029,102,-0.34212,-0.39,0.09998
18,0.80788,180.0029,103,-0.34027,-0.39,0.09998
18,0.80788,180.0029,104,-0.33842,-0.39,0.09998
18,0.80788,180.0029,105,-0.33657,-0.39,0.09998
18,0.80788,180.0029,106,-0.33473,-0.39,0.09998
18,0.80788,180.0029,107,-0.33289,-0.39,0.09998
18,0.80788,180.0029,108,-0.33105,-0.39,0.09998
18,0.80788,180.0029,109,-0.32922,-0.39,0.09998
18,0.80788,180.0029,110,-0.3274,-0.39,0.09998
18,0.80788,180.0029,111,-0.32558,-0.39,0.09998
18,0.80788,180.0029,112,-0.32376,-0.39,0.09998
18,0.80788,180.0029,113,-0.32195,-0.39,0.09998
18,0.80788,180.0029,114,-0.32014,-0.39,0.09998
18,0.80788,180.0029,115,-0.31833,-0.39,0.09998
18,0.80788,180.0029,116,-0.31653,-0.39,0.09998
18,0.80788,180.0029,117,-0.31474,-0.39,0.09998
18,0.80788,180.0029,118,-0.31295,-0.39,0.09998
18,0.80788,180.0029,119,-0.31116,-0.39,0.09998
18,0.80788,180.0029,120,-0.30938,-0.39,0.09998
19,0.80759,203.42764,1,-0.17356,-0.17645,0.92021
19,0.80759,203.42764,2,-0.38927,-0.35346,0.76608
19,0.80759,203.42764,3,-0.27628,-0.35879,0.59304
19,0.80759,203.42764,4,-0.16321,-0.30262,0.41106
19,0.80759,203.42764,5,-0.05132,-0.24702,0.21698
19,0.80759,203.42764,6,0.0604,-0.18546,0.11307
19,0.80759,203.42764,7,0.17324,-0.11135,0.19946
19,0.80759,203.42764,8,0.2852,-0.03782,0.27118
19,0.80759,203.42764,9,0.39633,0.03517,0.32834
19,0.80759,203.42764,10,0.34721,0.10662,0.38363
19,0.80759,203.42764,11,0.29835,0.17769,0.42458
19,0.80759,203.42764,12,0.24975,0.24838,0.45129
19,0.80759,203.42764,13,0.20139,0.31872,0.46384
19,0.80759,203.42764,14,0.15327,0.38871,0.46229
19,0.80759,203.42764,15,0.1025,0.37217,0.4635
19,0.80759,203.42764,16,0.05191,0.35569,0.45067
19,0.80759,203.42764,17,0.00151,0.33926,0.42385
19,0.80759,203.42764,18,-0.04867,0.32291,0.38309
19,0.80759,203.42764,19,-0.09865,0.30662,0.32848
19,0.80759,203.42764,20,-0.1484,0.29041,0.2601
19,0.80759,203.42764,21,-0.19789,0.27428,0.17803
19,0.80759,203.42764,22,-0.24426,0.25895,0.09875
19,0.80759,203.42764,23,-0.26777,0.24926,0.13643
19,0.80759,203.42764,24,-0.2912,0.23961,0.15995
19,0.80759,203.42764,25,-0.31457,0.22998,0.16936
19,0.80759,203.42764,26,-0.33788,0.22037,0.1647
19,0.80759,203.42764,27,-0.36113,0.21079,0.146
19,0.80759,203.42764,28,-0.3843,0.20124,0.11331
19,0.80759,203.42764,29,-0.39001,0.19029,0.10801
19,0.80759,203.42764,30,-0.39001,0.17877,0.1082
19,0.80759,203.42764,31,-0.39001,0.16729,0.10017
19,0.80759,203.42764,32,-0.39001,0.15588,0.09998
19,0.80759,203.42764,33,-0.39,0.14452,0.09998
19,0.80759,203.42764,34,-0.39,0.13322,0.09998
19,0.80759,203.42764,35,-0.39,0.12198,0.09998
19,0.80759,203.42764,36,-0.39,0.1108,0.09998
19,0.80759,203.42764,37,-0.39,0.09967,0.09998
19,0.80759,203.42764,38,-0.39,0.08859,0.09998
19,0.80759,203.42764,39,-0.39,0.07757,0.09998
19,0.80759,203.42764,40,-0.39,0.06661,0.09998
19,0.80759,203.42764,41,-0.39,0.05569,0.09998
19,0.80759,203.42764,42,-0.39,0.04483,0.09998
19,0.80759,203.42764,43,-0.39,0.03402,0.09998
19,0.80759,203.42764,44,-0.39,0.02326,0.09998
19,0.80759,203.42764,45,-0.39,0.01255,0.09998
19,0.80759,203.42764,46,-0.39,0.00189,0.09998
19,0.80759,203.42764,47,-0.39,-0.0087,0.09998
19,0.80759,203.42764,48,-0.39,-0.01927,0.09998
19,0.80759,203.42764,49,-0.39,-0.02978,0.09998
19,0.80759,203.42764,50,-0.39,-0.04024,0.09998
19,0.80759,203.42764,51,-0.39,-0.05066,0.09998
19,0.80759,203.42764,52,-0.39,-0.06103,0.09998
19,0.80759,203.42764,53,-0.39,-0.07135,0.09998
19,0.80759,203.42764,54,-0.39,-0.08163,0.09998
19,0.80759,203.42764,55,-0.39,-0.09187,0.09998
19,0.80759,203.42764,56,-0.39,-0.10206,0.09998
19,0.80759,203.42764,57,-0.39,-0.1122,0.09998
19,0.80759,203.42764,58,-0.39,-0.1223,0.09998
19,0.80759,203.42764,59,-0.39,-0.13236,0.09998
19,0.80759,203.42764,60,-0.39,-0.14237,0.09998
19,0.80759,203.42764,61,-0.39,-0.15234,0.09999
19,0.80759,203.42764,62,-0.39,-0.16227,0.09998
19,0.80759,203.42764,63,-0.39,-0.17216,0.09998
19,0.80759,203.42764,64,-0.39,-0.182,0.09998
19,0.80759,203.42764,65,-0.39,-0.19181,0.09998
19,0.80759,203.42764,66,-0.39,-0.20157,0.09998
19,0.80759,203.42764,67,-0.39,-0.2113,0.09998
19,0.80759,203.42764,68,-0.39,-0.22098,0.09998
19,0.80759,203.42764,69,-0.39,-0.23062,0.09998
19,0.80759,203.42764,70,-0.39,-0.24023,0.09998
19,0.80759,203.42764,71,-0.39,-0.2498,0.09998
19,0.80759,203.42764,72,-0.39,-0.25932,0.09998
19,0.80759,203.42764,73,-0.39,-0.26881,0.09998
19,0.80759,203.42764,74,-0.39,-0.27826,0.09998
19,0.80759,203.42764,75,-0.39,-0.28768,0.09998
19,0.80759,203.42764,76,-0.39,-0.29706,0.09998
19,0.80759,203.42764,77,-0.39,-0.3064,0.09998
19,0.80759,203.42764,78,-0.39,-0.3157,0.09998
19,0.80759,203.42764,79,-0.39,-0.32497,0.09998
19,0.80759,203.42764,80,-0.39,-0.3342,0.09998
19,0.80759,203.42764,81,-0.39,-0.3434,0.09998
19,0.80759,203.42764,82,-0.39,-0.35256,0.09998
19,0.80759,203.42764,83,-0.39,-0.36168,0.09998
19,0.80759,203.42764,84,-0.39,-0.37077,0.09998
19,0.80759,203.42764,85,-0.39,-0.37983,0.09998
19,0.80759,203.42764,86,-0.39,-0.38885,0.09998
19,0.80759,203.42764,87,-0.38839,-0.39001,0.09998
19,0.80759,203.42764,88,-0.38658,-0.39001,0.09998
19,0.80759,203.42764,89,-0.38478,-0.39,0.09998
19,0.80759,203.42764,90,-0.38298,-0.39,0.09998
19,0.80759,203.42764,91,-0.38119,-0.39,0.09998
19,0.80759,203.42764,92,-0.3794,-0.39,0.09998
19,0.80759,203.42764,93,-0.37761,-0.39,0.09998
19,0.80759,203.42764,94,-0.37583,-0.39,0.09998
19,0.80759,203.42764,95,-0.37406,-0.39,0.09998
19,0.80759,203.42764,96,-0.37228,-0.39,0.09998
19,0.80759,203.42764,97,-0.37052,-0.39,0.09998
19,0.80759,203.42764,98,-0.36875,-0.39,0.09998
19,0.80759,203.42764,99,-0.367,-0.39,0.09998
19,0.80759,203.42764,100,-0.36524,-0.39,0.09998
19,0.80759,203.42764,101,-0.36349,-0.39,0.09998
19,0.80759,203.42764,102,-0.36175,-0.39,0.09998
19,0.80759,203.42764,103,-0.36001,-0.39,0.09998
19,0.80759,203.42764,104,-0.35827,-0.39,0.09998
19,0.80759,203.42764,105,-0.35654,-0.39,0.09998
19,0.80759,203.42764,106,-0.35481,-0.39,0.09998
19,0.80759,203.42764,107,-0.35309,-0.39,0.09998
19,0.80759,203.42764,108,-0.35137,-0.39,0.09998
19,0.80759,203.42764,109,-0.34965,-0.39,0.09998
19,0.80759,203.42764,110,-0.34794,-0.39,0.09998
19,0.80759,203.42764,111,-0.34624,-0.39,0.09998
19,0.80759,203.42764,112,-0.34453,-0.39,0.09998
19,0.80759,203.42764,113,-0.34283,-0.39,0.09998
19,0.80759,203.42764,114,-0.34114,-0.39,0.09998
19,0.80759,203.42764,115,-0.33945,-0.39,0.09998
19,0.80759,203.42764,116,-0.33776,-0.39,0.09998
19,0.80759,203.42764,117,-0.33608,-0.39,0.09998
19,0.80759,203.42764,118,-0.33441,-0.39,0.09998
19,0.80759,203.42764,119,-0.33273,-0.39,0.09998
19,0.80759,203.42764,120,-0.33106,-0.39,0.09998
20,0.80759,204.85942,1,-0.17356,-0.17645,0.92021
20,0.80759,204.85942,2,-0.38927,-0.35346,0.76608
20,0.80759,204.85942,3,-0.27628,-0.35879,0.59304
20,0.80759,204.85942,4,-0.16321,-0.30262,0.41106
20,0.80759,204.85942,5,-0.05132,-0.24702,0.21698
20,0.80759,204.85942,6,0.0604,-0.18546,0.11307
20,0.80759,204.85942,7,0.17324,-0.11135,0.19946
20,0.80759,204.85942,8,0.2852,-0.03782,0.27118
20,0.80759,204.85942,9,0.39633,0.03517,0.32834
20,0.80759,204.85942,10,0.34721,0.10662,0.38363
20,0.80759,204.85942,11,0.29835,0.17769,0.42458
20,0.80759,204.85942,12,0.24975,0.24838,0.45129
20,0.80759,204.85942,13,0.20139,0.31872,0.46384
20,0.80759,204.85942,14,0.15327,0.38871,0.46229
20,0.80759,204.85942,15,0.1025,0.37217,0.4635
20,0.80759,204.85942,16,0.05191,0.35569,0.45067
20,0.80759,204.85942,17,0.00151,0.33926,0.42385
20,0.80759,204.85942,18,-0.04867,0.32291,0.38309
20,0.80759,204.85942,19,-0.09865,0.30662,0.32848
20,0.80759,204.85942,20,-0.1484,0.29041,0.2601
20,0.80759,204.85942,21,-0.19789,0.27428,0.17803
20,0.80759,204.85942,22,-0.24426,0.25895,0.09875
20,0.80759,204.85942,23,-0.26777,0.24926,0.13643
20,0.80759,204.85942,24,-0.2912,0.23961,0.15995
20,0.80759,204.85942,25,-0.31457,0.22998,0.16936
20,0.80759,204.85942,26,-0.33788,0.22037,0.1647
20,0.80759,204.85942,27,-0.36113,0.21079,0.146
20,0.80759,204.85942,28,-0.3843,0.20124,0.11331
20,0.80759,204.85942,29,-0.39001,0.19029,0.10801
20,0.80759,204.85942,30,-0.39001,0.17877,0.1082
20,0.80759,204.85942,31,-0.39001,0.16729,0.10017
20,0.80759,204.85942,32,-0.39001,0.15588,0.09998
20,0.80759,204.85942,33,-0.39,0.14452,0.09998
20,0.80759,204.85942,34,-0.39,0.13322,0.09998
20,0.80759,204.85942,35,-0.39,0.12198,0.09998
20,0.80759,204.85942,36,-0.39,0.1108,0.09998
20,0.80759,204.85942,37,-0.39,0.09967,0.09998
20,0.80759,204.85942,38,-0.39,0.08859,0.09998
20,0.80759,204.85942,39,-0.39,0.07757,0.09998
20,0.80759,204.85942,40,-0.39,0.06661,0.09998
20,0.80759,204.85942,41,-0.39,0.05569,0.09998
20,0.80759,204.85942,42,-0.39,0.04483,0.09998
20,0.80759,204.85942,43,-0.39,0.03402,0.09998
20,0.80759,204.85942,44,-0.39,0.02326,0.09998
20,0.80759,204.85942,45,-0.39,0.01255,0.09998
20,0.80759,204.85942,46,-0.39,0.00189,0.09998
20,0.80759,204.85942,47,-0.39,-0.0087,0.09998
20,0.80759,204.85942,48,-0.39,-0.01927,0.09998
20,0.80759,204.85942,49,-0.39,-0.02978,0.09998
20,0.80759,204.85942,50,-0.39,-0.04024,0.09998
20,0.80759,204.85942,51,-0.39,-0.05066,0.09998
20,0.80759,204.85942,52,-0.39,-0.06103,0.09998
20,0.80759,204.85942,53,-0.39,-0.07135,0.09998
20,0.80759,204.85942,54,-0.39,-0.08163,0.09998
20,0.80759,204.85942,55,-0.39,-0.09187,0.09998
20,0.80759,204.85942,56,-0.39,-0.10206,0.09998
20,0.80759,204.85942,57,-0.39,-0.1122,0.09998
20,0.80759,204.85942,58,-0.39,-0.1223,0.09998
20,0.80759,204.85942,59,-0.39,-0.13236,0.09998
20,0.80759,204.85942,60,-0.39,-0.14237,0.09998
20,0.80759,204.85942,61,-0.39,-0.15234,0.09999
20,0.80759,204.85942,62,-0.39,-0.16227,0.09998
20,0.80759,204.85942,63,-0.39,-0.17216,0.09998
20,0.80759,204.85942,64,-0.39,-0.182,0.09998
20,0.80759,204.85942,65,-0.39,-0.19181,0.09998
20,0.80759,204.85942,66,-0.39,-0.20157,0.09998
20,0.80759,204.85942,67,-0.39,-0.2113,0.09998
20,0.80759,204.85942,68,-0.39,-0.22098,0.09998
20,0.80759,204.85942,69,-0.39,-0.23062,0.09998
20,0.80759,204.85942,70,-0.39,-0.24023,0.09998
20,0.80759,204.85942,71,-0.39,-0.2498,0.09998
20,0.80759,204.85942,72,-0.39,-0.25932,0.09998
20,0.80759,204.85942,73,-0.39,-0.26881,0.09998
20,0.80759,204.85942,74,-0.39,-0.27826,0.09998
20,0.80759,204.85942,75,-0.39,-0.28768,0.09998
20,0.80759,204.85942,76,-0.39,-0.29706,0.09998
20,0.80759,204.85942,77,-0.39,-0.3064,0.09998
20,0.80759,204.85942,78,-0.39,-0.3157,0.09998
20,0.80759,204.85942,79,-0.39,-0.32497,0.09998
20,0.80759,204.85942,80,-0.39,-0.3342,0.09998
20,0.80759,204.85942,81,-0.39,-0.3434,0.09998
20,0.80759,204.85942,82,-0.39,-0.35256,0.09998
20,0.80759,204.85942,83,-0.39,-0.36168,0.09998
20,0.80759,204.85942,84,-0.39,-0.37077,0.09998
20,0.80759,204.85942,85,-0.39,-0.37983,0.09998
20,0.80759,204.85942,86,-0.39,-0.38885,0.09998
20,0.80759,204.85942,87,-0.38839,-0.39001,0.09998
20,0.80759,204.85942,88,-0.38658,-0.39001,0.09998
20,0.80759,204.85942,89,-0.38478,-0.39,0.09998
20,0.80759,204.85942,90,-0.38298,-0.39,0.09998
20,0.80759,204.85942,91,-0.38119,-0.39,0.09998
20,0.80759,204.85942,92,-0.3794,-0.39,0.09998
20,0.80759,204.85942,93,-0.37761,-0.39,0.09998
20,0.80759,204.85942,94,-0.37583,-0.39,0.09998
20,0.80759,204.85942,95,-0.37406,-0.39,0.09998
20,0.80759,204.85942,96,-0.37228,-0.39,0.09998
20,0.80759,204.85942,97,-0.37052,-0.39,0.09998
20,0.80759,204.85942,98,-0.36875,-0.39,0.09998
20,0.80759,204.85942,99,-0.367,-0.39,0.09998
20,0.80759,204.85942,100,-0.36524,-0.39,0.09998
20,0.80759,204.85942,101,-0.36349,-0.39,0.09998
20,0.80759,204.85942,102,-0.36175,-0.39,0.09998
20,0.80759,204.85942,103,-0.36001,-0.39,0.09998
20,0.80759,204.85942,104,-0.35827,-0.39,0.09998
20,0.80759,204.85942,105,-0.35654,-0.39,0.09998
20,0.80759,204.85942,106,-0.35481,-0.39,0.09998
20,0.80759,204.85942,107,-0.35309,-0.39,0.09998
20,0.80759,204.85942,108,-0.35137,-0.39,0.09998
20,0.80759,204.85942,109,-0.34965,-0.39,0.09998
20,0.80759,204.85942,110,-0.34794,-0.39,0.09998
20,0.80759,204.85942,111,-0.34624,-0.39,0.09998
20,0.80759,204.85942,112,-0.34453,-0.39,0.09998
20,0.80759,204.85942,113,-0.34283,-0.39,0.09998
20,0.80759,204.85942,114,-0.34114,-0.39,0.09998
20,0.80759,204.85942,115,-0.33945,-0.39,0.09998
20,0.80759,204.85942,116,-0.33776,-0.39,0.09998
20,0.80759,204.85942,117,-0.33608,-0.39,0.09998
20,0.80759,204.85942,118,-0.33441,-0.39,0.09998
20,0.80759,204.85942,119,-0.33273,-0.39,0.09998
20,0.80759,204.85942,120,-0.33106,-0.39,0.09998
