particle,elasticity,weight,frame,x,y,z
1,0.29095,13.88618,1,0.22113,0.08003,0.68595
1,0.29095,13.88618,2,0.43219,-0.03035,0.75431
1,0.29095,13.88618,3,0.37564,-0.1562,0.75165
1,0.29095,13.88618,4,0.31683,-0.28051,0.73498
1,0.29095,13.88618,5,0.25844,-0.40394,0.7044
1,0.29095,13.88618,6,0.21597,-0.42979,0.67527
1,0.29095,13.88618,7,0.18095,-0.41472,0.63792
1,0.29095,13.88618,8,0.14606,-0.3997,0.58669
1,0.29095,13.88618,9,0.11131,-0.38475,0.52163
1,0.29095,13.88618,10,0.07674,-0.36987,0.44285
1,0.29095,13.88618,11,0.04234,-0.35506,0.35045
1,0.29095,13.88618,12,0.00813,-0.34034,0.24455
1,0.29095,13.88618,13,-0.02585,-0.32571,0.12529
1,0.29095,13.88618,14,-0.05394,-0.31601,0.0419
1,0.29095,13.88618,15,-0.07415,-0.3219,0.0638
1,0.29095,13.88618,16,-0.09339,-0.32819,0.07565
1,0.29095,13.88618,17,-0.11112,-0.3344,0.07976
1,0.29095,13.88618,18,-0.12759,-0.33911,0.07782
1,0.29095,13.88618,19,-0.14341,-0.34229,0.06836
1,0.29095,13.88618,20,-0.15808,-0.34965,0.06939
1,0.29095,13.88618,21,-0.17113,-0.35551,0.06918
1,0.29095,13.88618,22,-0.18194,-0.35998,0.06861
1,0.29095,13.88618,23,-0.19019,-0.36362,0.06727
1,0.29095,13.88618,24,-0.19569,-0.36732,0.06413
1,0.29095,13.88618,25,-0.19931,-0.3723,0.05678
1,0.29095,13.88618,26,-0.20071,-0.37704,0.05064
1,0.29095,13.88618,27,-0.20038,-0.37964,0.04934
1,0.29095,13.88618,28,-0.20023,-0.38031,0.04968
1,0.29095,13.88618,29,-0.20021,-0.38022,0.04984
1,0.29095,13.88618,30,-0.20024,-0.38018,0.04992
2,0.20645,19.56539,1,0.22113,0.08003,0.68595
2,0.20645,19.56539,2,0.43675,-0.02954,0.7552
2,0.20645,19.56539,3,0.37934,-0.14998,0.75803
2,0.20645,19.56539,4,0.32071,-0.2692,0.74682
2,0.20645,19.56539,5,0.26248,-0.3876,0.72167
2,0.20645,19.56539,6,0.20208,-0.41354,0.70537
2,0.20645,19.56539,7,0.14069,-0.40591,0.68332
2,0.20645,19.56539,8,0.07955,-0.39832,0.64733
2,0.20645,19.56539,9,0.01869,-0.39076,0.59747
2,0.20645,19.56539,10,-0.04187,-0.38324,0.53381
2,0.20645,19.56539,11,-0.10213,-0.37575,0.45646
2,0.20645,19.56539,12,-0.16204,-0.36831,0.36552
2,0.20645,19.56539,13,-0.2216,-0.36092,0.2611
2,0.20645,19.56539,14,-0.28077,-0.35357,0.14334
2,0.20645,19.56539,15,-0.33258,-0.34489,0.04295
2,0.20645,19.56539,16,-0.35641,-0.3364,0.06218
2,0.20645,19.56539,17,-0.3807,-0.32705,0.07154
2,0.20645,19.56539,18,-0.40492,-0.31812,0.06918
2,0.20645,19.56539,19,-0.40186,-0.3116,0.0696
2,0.20645,19.56539,20,-0.40003,-0.30668,0.06445
2,0.20645,19.56539,21,-0.39976,-0.30408,0.05681
2,0.20645,19.56539,22,-0.40023,-0.30175,0.04896
2,0.20645,19.56539,23,-0.40045,-0.2993,0.04803
2,0.20645,19.56539,24,-0.40015,-0.29842,0.0491
2,0.20645,19.56539,25,-0.40008,-0.29864,0.04956
2,0.20645,19.56539,26,-0.40005,-0.29874,0.04979
2,0.20645,19.56539,27,-0.40004,-0.29879,0.04989
2,0.20645,19.56539,28,-0.40003,-0.29881,0.04994
2,0.20645,19.56539,29,-0.40003,-0.29882,0.04996
2,0.20645,19.56539,30,-0.40002,-0.29883,0.04998
3,0.24697,10.24433,1,0.22113,0.08003,0.68595
3,0.24697,10.24433,2,0.43456,-0.02992,0.75477
3,0.24697,10.24433,3,0.37899,-0.15301,0.75319
3,0.24697,10.24433,4,0.32038,-0.27439,0.73755
3,0.24697,10.24433,5,0.26218,-0.39493,0.70799
3,0.24697,10.24433,6,0.21752,-0.43636,0.6752
3,0.24697,10.24433,7,0.18207,-0.42721,0.63434
3,0.24697,10.24433,8,0.14708,-0.41615,0.57995
3,0.24697,10.24433,9,0.11223,-0.40514,0.51176
3,0.24697,10.24433,10,0.07756,-0.39419,0.42988
3,0.24697,10.24433,11,0.04307,-0.38329,0.33439
3,0.24697,10.24433,12,0.00878,-0.37246,0.22544
3,0.24697,10.24433,13,-0.02529,-0.36169,0.10314
3,0.24697,10.24433,14,-0.04308,-0.35084,0.05732
3,0.24697,10.24433,15,-0.05872,-0.34565,0.05497
3,0.24697,10.24433,16,-0.07159,-0.34102,0.04972
3,0.24697,10.24433,17,-0.08111,-0.33838,0.04843
3,0.24697,10.24433,18,-0.08754,-0.33743,0.0488
3,0.24697,10.24433,19,-0.09126,-0.33735,0.04901
3,0.24697,10.24433,20,-0.09185,-0.33728,0.04952
3,0.24697,10.24433,21,-0.09175,-0.33724,0.04977
3,0.24697,10.24433,22,-0.09171,-0.33723,0.04988
3,0.24697,10.24433,23,-0.09172,-0.33722,0.04994
3,0.24697,10.24433,24,-0.09173,-0.33721,0.04996
3,0.24697,10.24433,25,-0.09173,-0.33721,0.04998
3,0.24697,10.24433,26,-0.09173,-0.33721,0.04998
3,0.24697,10.24433,27,-0.09173,-0.33721,0.04998
3,0.24697,10.24433,28,-0.09173,-0.33721,0.04998
3,0.24697,10.24433,29,-0.09173,-0.33721,0.04998
3,0.24697,10.24433,30,-0.09173,-0.33721,0.04998
4,0.24697,10.24433,1,0.22113,0.08003,0.68595
4,0.24697,10.24433,2,0.43456,-0.02992,0.75477
4,0.24697,10.24433,3,0.37899,-0.15301,0.75319
4,0.24697,10.24433,4,0.32038,-0.27439,0.73755
4,0.24697,10.24433,5,0.26218,-0.39493,0.70799
4,0.24697,10.24433,6,0.21752,-0.43636,0.6752
4,0.24697,10.24433,7,0.18207,-0.42721,0.63434
4,0.24697,10.24433,8,0.14708,-0.41615,0.57995
4,0.24697,10.24433,9,0.11223,-0.40514,0.51176
4,0.24697,10.24433,10,0.07756,-0.39419,0.42988
4,0.24697,10.24433,11,0.04307,-0.38329,0.33439
4,0.24697,10.24433,12,0.00878,-0.37246,0.22544
4,0.24697,10.24433,13,-0.02529,-0.36169,0.10314
4,0.24697,10.24433,14,-0.04308,-0.35084,0.05732
4,0.24697,10.24433,15,-0.05872,-0.34565,0.05497
4,0.24697,10.24433,16,-0.07159,-0.34102,0.04972
4,0.24697,10.24433,17,-0.08111,-0.33838,0.04843
4,0.24697,10.24433,18,-0.08754,-0.33743,0.0488
4,0.24697,10.24433,19,-0.09126,-0.33735,0.04901
4,0.24697,10.24433,20,-0.09185,-0.33728,0.04952
4,0.24697,10.24433,21,-0.09175,-0.33724,0.04977
4,0.24697,10.24433,22,-0.09171,-0.33723,0.04988
4,0.24697,10.24433,23,-0.09172,-0.33722,0.04994
4,0.24697,10.24433,24,-0.09173,-0.33721,0.04996
4,0.24697,10.24433,25,-0.09173,-0.33721,0.04998
4,0.24697,10.24433,26,-0.09173,-0.33721,0.04998
4,0.24697,10.24433,27,-0.09173,-0.33721,0.04998
4,0.24697,10.24433,28,-0.09173,-0.33721,0.04998
4,0.24697,10.24433,29,-0.09173,-0.33721,0.04998
4,0.24697,10.24433,30,-0.09173,-0.33721,0.04998
5,0.24697,10.24433,1,0.22113,0.08003,0.68595
5,0.24697,10.24433,2,0.43456,-0.02992,0.75477
5,0.24697,10.24433,3,0.37899,-0.15301,0.75319
5,0.24697,10.24433,4,0.32038,-0.27439,0.73755
5,0.24697,10.24433,5,0.26218,-0.39493,0.70799
5,0.24697,10.24433,6,0.21752,-0.43636,0.6752
5,0.24697,10.24433,7,0.18207,-0.42721,0.63434
5,0.24697,10.24433,8,0.14708,-0.41615,0.57995
5,0.24697,10.24433,9,0.11223,-0.40514,0.51176
5,0.24697,10.24433,10,0.07756,-0.39419,0.42988
5,0.24697,10.24433,11,0.04307,-0.38329,0.33439
5,0.24697,10.24433,12,0.00878,-0.37246,0.22544
5,0.24697,10.24433,13,-0.02529,-0.36169,0.10314
5,0.24697,10.24433,14,-0.04308,-0.35084,0.05732
5,0.24697,10.24433,15,-0.05872,-0.34565,0.05497
5,0.24697,10.24433,16,-0.07159,-0.34102,0.04972
5,0.24697,10.24433,17,-0.08111,-0.33838,0.04843
5,0.24697,10.24433,18,-0.08754,-0.33743,0.0488
5,0.24697,10.24433,19,-0.09126,-0.33735,0.04901
5,0.24697,10.24433,20,-0.09185,-0.33728,0.04952
5,0.24697,10.24433,21,-0.09175,-0.33724,0.04977
5,0.24697,10.24433,22,-0.09171,-0.33723,0.04988
5,0.24697,10.24433,23,-0.09172,-0.33722,0.04994
5,0.24697,10.24433,24,-0.09173,-0.33721,0.04996
5,0.24697,10.24433,25,-0.09173,-0.33721,0.04998
5,0.24697,10.24433,26,-0.09173,-0.33721,0.04998
5,0.24697,10.24433,27,-0.09173,-0.33721,0.04998
5,0.24697,10.24433,28,-0.09173,-0.33721,0.04998
5,0.24697,10.24433,29,-0.09173,-0.33721,0.04998
5,0.24697,10.24433,30,-0.09173,-0.33721,0.04998
6,0.29095,13.88618,1,0.22113,0.08003,0.68595
6,0.29095,13.88618,2,0.43219,-0.03035,0.75431
6,0.29095,13.88618,3,0.37564,-0.1562,0.75165
6,0.29095,13.88618,4,0.31683,-0.28051,0.73498
6,0.29095,13.88618,5,0.25844,-0.40394,0.7044
6,0.29095,13.88618,6,0.21597,-0.42979,0.67527
6,0.29095,13.88618,7,0.18095,-0.41472,0.63792
6,0.29095,13.88618,8,0.14606,-0.3997,0.58669
6,0.29095,13.88618,9,0.11131,-0.38475,0.52163
6,0.29095,13.88618,10,0.07674,-0.36987,0.44285
6,0.29095,13.88618,11,0.04234,-0.35506,0.35045
6,0.29095,13.88618,12,0.00813,-0.34034,0.24455
6,0.29095,13.88618,13,-0.02585,-0.32571,0.12529
6,0.29095,13.88618,14,-0.05394,-0.31601,0.0419
6,0.29095,13.88618,15,-0.07415,-0.3219,0.0638
6,0.29095,13.88618,16,-0.09339,-0.32819,0.07565
6,0.29095,13.88618,17,-0.11112,-0.3344,0.07976
6,0.29095,13.88618,18,-0.12759,-0.33911,0.07782
6,0.29095,13.88618,19,-0.14341,-0.34229,0.06836
6,0.29095,13.88618,20,-0.15808,-0.34965,0.06939
6,0.29095,13.88618,21,-0.17113,-0.35551,0.06918
6,0.29095,13.88618,22,-0.18194,-0.35998,0.06861
6,0.29095,13.88618,23,-0.19019,-0.36362,0.06727
6,0.29095,13.88618,24,-0.19569,-0.36732,0.06413
6,0.29095,13.88618,25,-0.19931,-0.3723,0.05678
6,0.29095,13.88618,26,-0.20071,-0.37704,0.05064
6,0.29095,13.88618,27,-0.20038,-0.37964,0.04934
6,0.29095,13.88618,28,-0.20023,-0.38031,0.04968
6,0.29095,13.88618,29,-0.20021,-0.38022,0.04984
6,0.29095,13.88618,30,-0.20024,-0.38018,0.04992
7,0.24697,10.24433,1,0.22113,0.08003,0.68595
7,0.24697,10.24433,2,0.43456,-0.02992,0.75477
7,0.24697,10.24433,3,0.37899,-0.15301,0.75319
7,0.24697,10.24433,4,0.32038,-0.27439,0.73755
7,0.24697,10.24433,5,0.26218,-0.39493,0.70799
7,0.24697,10.24433,6,0.21752,-0.43636,0.6752
7,0.24697,10.24433,7,0.18207,-0.42721,0.63434
7,0.24697,10.24433,8,0.14708,-0.41615,0.57995
7,0.24697,10.24433,9,0.11223,-0.40514,0.51176
7,0.24697,10.24433,10,0.07756,-0.39419,0.42988
7,0.24697,10.24433,11,0.04307,-0.38329,0.33439
7,0.24697,10.24433,12,0.00878,-0.37246,0.22544
7,0.24697,10.24433,13,-0.02529,-0.36169,0.10314
7,0.24697,10.24433,14,-0.04308,-0.35084,0.05732
7,0.24697,10.24433,15,-0.05872,-0.34565,0.05497
7,0.24697,10.24433,16,-0.07159,-0.34102,0.04972
7,0.24697,10.24433,17,-0.08111,-0.33838,0.04843
7,0.24697,10.24433,18,-0.08754,-0.33743,0.0488
7,0.24697,10.24433,19,-0.09126,-0.33735,0.04901
7,0.24697,10.24433,20,-0.09185,-0.33728,0.04952
7,0.24697,10.24433,21,-0.09175,-0.33724,0.04977
7,0.24697,10.24433,22,-0.09171,-0.33723,0.04988
7,0.24697,10.24433,23,-0.09172,-0.33722,0.04994
7,0.24697,10.24433,24,-0.09173,-0.33721,0.04996
7,0.24697,10.24433,25,-0.09173,-0.33721,0.04998
7,0.24697,10.24433,26,-0.09173,-0.33721,0.04998
7,0.24697,10.24433,27,-0.09173,-0.33721,0.04998
7,0.24697,10.24433,28,-0.09173,-0.33721,0.04998
7,0.24697,10.24433,29,-0.09173,-0.33721,0.04998
7,0.24697,10.24433,30,-0.09173,-0.33721,0.04998
8,0.24697,10.24433,1,0.22113,0.08003,0.68595
8,0.24697,10.24433,2,0.43456,-0.02992,0.75477
8,0.24697,10.24433,3,0.37899,-0.15301,0.75319
8,0.24697,10.24433,4,0.32038,-0.27439,0.73755
8,0.24697,10.24433,5,0.26218,-0.39493,0.70799
8,0.24697,10.24433,6,0.21752,-0.43636,0.6752
8,0.24697,10.24433,7,0.18207,-0.42721,0.63434
8,0.24697,10.24433,8,0.14708,-0.41615,0.57995
8,0.24697,10.24433,9,0.11223,-0.40514,0.51176
8,0.24697,10.24433,10,0.07756,-0.39419,0.42988
8,0.24697,10.24433,11,0.04307,-0.38329,0.33439
8,0.24697,10.24433,12,0.00878,-0.37246,0.22544
8,0.24697,10.24433,13,-0.02529,-0.36169,0.10314
8,0.24697,10.24433,14,-0.04308,-0.35084,0.05732
8,0.24697,10.24433,15,-0.05872,-0.34565,0.05497
8,0.24697,10.24433,16,-0.07159,-0.34102,0.04972
8,0.24697,10.24433,17,-0.08111,-0.33838,0.04843
8,0.24697,10.24433,18,-0.08754,-0.33743,0.0488
8,0.24697,10.24433,19,-0.09126,-0.33735,0.04901
8,0.24697,10.24433,20,-0.09185,-0.33728,0.04952
8,0.24697,10.24433,21,-0.09175,-0.33724,0.04977
8,0.24697,10.24433,22,-0.09171,-0.33723,0.04988
8,0.24697,10.24433,23,-0.09172,-0.33722,0.04994
8,0.24697,10.24433,24,-0.09173,-0.33721,0.04996
8,0.24697,10.24433,25,-0.09173,-0.33721,0.04998
8,0.24697,10.24433,26,-0.09173,-0.33721,0.04998
8,0.24697,10.24433,27,-0.09173,-0.33721,0.04998
8,0.24697,10.24433,28,-0.09173,-0.33721,0.04998
8,0.24697,10.24433,29,-0.09173,-0.33721,0.04998
8,0.24697,10.24433,30,-0.09173,-0.33721,0.04998
9,0.24697,10.24433,1,0.22113,0.08003,0.68595
9,0.24697,10.24433,2,0.43456,-0.02992,0.75477
9,0.24697,10.24433,3,0.37899,-0.15301,0.75319
9,0.24697,10.24433,4,0.32038,-0.27439,0.73755
9,0.24697,10.24433,5,0.26218,-0.39493,0.70799
9,0.24697,10.24433,6,0.21752,-0.43636,0.6752
9,0.24697,10.24433,7,0.18207,-0.42721,0.63434
9,0.24697,10.24433,8,0.14708,-0.41615,0.57995
9,0.24697,10.24433,9,0.11223,-0.40514,0.51176
9,0.24697,10.24433,10,0.07756,-0.39419,0.42988
9,0.24697,10.24433,11,0.04307,-0.38329,0.33439
9,0.24697,10.24433,12,0.00878,-0.37246,0.22544
9,0.24697,10.24433,13,-0.02529,-0.36169,0.10314
9,0.24697,10.24433,14,-0.04308,-0.35084,0.05732
9,0.24697,10.24433,15,-0.05872,-0.34565,0.05497
9,0.24697,10.24433,16,-0.07159,-0.34102,0.04972
9,0.24697,10.24433,17,-0.08111,-0.33838,0.04843
9,0.24697,10.24433,18,-0.08754,-0.33743,0.0488
9,0.24697,10.24433,19,-0.09126,-0.33735,0.04901
9,0.24697,10.24433,20,-0.09185,-0.33728,0.04952
9,0.24697,10.24433,21,-0.09175,-0.33724,0.04977
9,0.24697,10.24433,22,-0.09171,-0.33723,0.04988
9,0.24697,10.24433,23,-0.09172,-0.33722,0.04994
9,0.24697,10.24433,24,-0.09173,-0.33721,0.04996
9,0.24697,10.24433,25,-0.09173,-0.33721,0.04998
9,0.24697,10.24433,26,-0.09173,-0.33721,0.04998
9,0.24697,10.24433,27,-0.09173,-0.33721,0.04998
9,0.24697,10.24433,28,-0.09173,-0.33721,0.04998
9,0.24697,10.24433,29,-0.09173,-0.33721,0.04998
9,0.24697,10.24433,30,-0.09173,-0.33721,0.04998
10,0.20617,20.32537,1,0.22113,0.08003,0.68595
10,0.20617,20.32537,2,0.43676,-0.02953,0.7552
10,0.20617,20.32537,3,0.37937,-0.14996,0.75804
10,0.20617,20.32537,4,0.32075,-0.26917,0.74684
10,0.20617,20.32537,5,0.26253,-0.38756,0.7217
10,0.20617,20.32537,6,0.20224,-0.41345,0.70543
10,0.20617,20.32537,7,0.14099,-0.40577,0.68342
10,0.20617,20.32537,8,0.08001,-0.39812,0.64748
10,0.20617,20.32537,9,0.01929,-0.39051,0.59766
10,0.20617,20.32537,10,-0.04112,-0.38294,0.53405
10,0.20617,20.32537,11,-0.10123,-0.3754,0.45674
10,0.20617,20.32537,12,-0.161,-0.36791,0.36583
10,0.20617,20.32537,13,-0.22042,-0.36046,0.26145
10,0.20617,20.32537,14,-0.27944,-0.35306,0.14373
10,0.20617,20.32537,15,-0.33094,-0.34445,0.04349
10,0.20617,20.32537,16,-0.35371,-0.33604,0.06245
10,0.20617,20.32537,17,-0.37678,-0.32684,0.07134
10,0.20617,20.32537,18,-0.4,-0.3181,0.06958
10,0.20617,20.32537,19,-0.40228,-0.31188,0.06936
10,0.20617,20.32537,20,-0.40013,-0.30887,0.0696
10,0.20617,20.32537,21,-0.39882,-0.30796,0.07013
10,0.20617,20.32537,22,-0.39822,-0.30751,0.07039
10,0.20617,20.32537,23,-0.39813,-0.30742,0.07049
10,0.20617,20.32537,24,-0.39854,-0.30765,0.07051
10,0.20617,20.32537,25,-0.39951,-0.30824,0.07046
10,0.20617,20.32537,26,-0.4012,-0.30927,0.07028
10,0.20617,20.32537,27,-0.40384,-0.31088,0.06989
10,0.20617,20.32537,28,-0.40497,-0.31263,0.06924
10,0.20617,20.32537,29,-0.40558,-0.31393,0.06864
10,0.20617,20.32537,30,-0.40661,-0.3153,0.06749
11,0.24697,10.24433,1,0.22113,0.08003,0.68595
11,0.24697,10.24433,2,0.43456,-0.02992,0.75477
11,0.24697,10.24433,3,0.37899,-0.15301,0.75319
11,0.24697,10.24433,4,0.32038,-0.27439,0.73755
11,0.24697,10.24433,5,0.26218,-0.39493,0.70799
11,0.24697,10.24433,6,0.21752,-0.43636,0.6752
11,0.24697,10.24433,7,0.18207,-0.42721,0.63434
11,0.24697,10.24433,8,0.14708,-0.41615,0.57995
11,0.24697,10.24433,9,0.11223,-0.40514,0.51176
11,0.24697,10.24433,10,0.07756,-0.39419,0.42988
11,0.24697,10.24433,11,0.04307,-0.38329,0.33439
11,0.24697,10.24433,12,0.00878,-0.37246,0.22544
11,0.24697,10.24433,13,-0.02529,-0.36169,0.10314
11,0.24697,10.24433,14,-0.04308,-0.35084,0.05732
11,0.24697,10.24433,15,-0.05872,-0.34565,0.05497
11,0.24697,10.24433,16,-0.07159,-0.34102,0.04972
11,0.24697,10.24433,17,-0.08111,-0.33838,0.04843
11,0.24697,10.24433,18,-0.08754,-0.33743,0.0488
11,0.24697,10.24433,19,-0.09126,-0.33735,0.04901
11,0.24697,10.24433,20,-0.09185,-0.33728,0.04952
11,0.24697,10.24433,21,-0.09175,-0.33724,0.04977
11,0.24697,10.24433,22,-0.09171,-0.33723,0.04988
11,0.24697,10.24433,23,-0.09172,-0.33722,0.04994
11,0.24697,10.24433,24,-0.09173,-0.33721,0.04996
11,0.24697,10.24433,25,-0.09173,-0.33721,0.04998
11,0.24697,10.24433,26,-0.09173,-0.33721,0.04998
11,0.24697,10.24433,27,-0.09173,-0.33721,0.04998
11,0.24697,10.24433,28,-0.09173,-0.33721,0.04998
11,0.24697,10.24433,29,-0.09173,-0.33721,0.04998
11,0.24697,10.24433,30,-0.09173,-0.33721,0.04998
12,0.20946,18.44319,1,0.22113,0.08003,0.68595
12,0.20946,18.44319,2,0.43659,-0.02956,0.75517
12,0.20946,18.44319,3,0.37903,-0.15017,0.75789
12,0.20946,18.44319,4,0.32027,-0.26956,0.74659
12,0.20946,18.44319,5,0.26192,-0.38813,0.72134
12,0.20946,18.44319,6,0.20041,-0.41457,0.70466
12,0.20946,18.44319,7,0.13744,-0.40761,0.68208
12,0.20946,18.44319,8,0.07474,-0.40067,0.64555
12,0.20946,18.44319,9,0.01232,-0.39376,0.59516
12,0.20946,18.44319,10,-0.04978,-0.38688,0.53098
12,0.20946,18.44319,11,-0.11157,-0.38004,0.45312
12,0.20946,18.44319,12,-0.173,-0.37325,0.36166
12,0.20946,18.44319,13,-0.23407,-0.36649,0.25674
12,0.20946,18.44319,14,-0.29473,-0.35977,0.13849
12,0.20946,18.44319,15,-0.34848,-0.3542,0.04158
12,0.20946,18.44319,16,-0.37923,-0.35234,0.05255
12,0.20946,18.44319,17,-0.40913,-0.35063,0.0526
12,0.20946,18.44319,18,-0.42257,-0.34933,0.04816
12,0.20946,18.44319,19,-0.42086,-0.3488,0.04857
12,0.20946,18.44319,20,-0.42088,-0.34891,0.04932
12,0.20946,18.44319,21,-0.42091,-0.34896,0.04967
12,0.20946,18.44319,22,-0.42093,-0.34899,0.04984
12,0.20946,18.44319,23,-0.42094,-0.349,0.04991
12,0.20946,18.44319,24,-0.42094,-0.34901,0.04995
12,0.20946,18.44319,25,-0.42095,-0.34901,0.04997
12,0.20946,18.44319,26,-0.42095,-0.34901,0.04998
12,0.20946,18.44319,27,-0.42095,-0.34901,0.04998
12,0.20946,18.44319,28,-0.42095,-0.34901,0.04998
12,0.20946,18.44319,29,-0.42095,-0.34901,0.04998
12,0.20946,18.44319,30,-0.42095,-0.34901,0.04998
13,0.06927,23.91809,1,0.22113,0.08003,0.68595
13,0.06927,23.91809,2,0.44414,-0.02824,0.75667
13,0.06927,23.91809,3,0.39479,-0.14157,0.76393
13,0.06927,23.91809,4,0.34324,-0.25356,0.75703
13,0.06927,23.91809,5,0.29203,-0.36482,0.73616
13,0.06927,23.91809,6,0.24588,-0.44019,0.70869
13,0.06927,23.91809,7,0.21183,-0.42976,0.68321
13,0.06927,23.91809,8,0.1779,-0.41936,0.64378
13,0.06927,23.91809,9,0.14411,-0.40901,0.59046
13,0.06927,23.91809,10,0.11045,-0.39869,0.52333
13,0.06927,23.91809,11,0.07696,-0.38843,0.44249
13,0.06927,23.91809,12,0.04364,-0.37822,0.34804
13,0.06927,23.91809,13,0.01051,-0.36807,0.24011
13,0.06927,23.91809,14,-0.0224,-0.35798,0.11883
13,0.06927,23.91809,15,-0.04759,-0.35894,0.04927
13,0.06927,23.91809,16,-0.06408,-0.36713,0.05571
13,0.06927,23.91809,17,-0.07826,-0.37468,0.05895
13,0.06927,23.91809,18,-0.09095,-0.38188,0.05419
13,0.06927,23.91809,19,-0.10119,-0.38843,0.04688
13,0.06927,23.91809,20,-0.10804,-0.39185,0.0478
13,0.06927,23.91809,21,-0.11204,-0.39465,0.0476
13,0.06927,23.91809,22,-0.11332,-0.39566,0.04877
13,0.06927,23.91809,23,-0.11361,-0.39568,0.04921
13,0.06927,23.91809,24,-0.11355,-0.39576,0.04962
13,0.06927,23.91809,25,-0.11352,-0.3958,0.04981
13,0.06927,23.91809,26,-0.11351,-0.39582,0.0499
13,0.06927,23.91809,27,-0.1135,-0.39583,0.04995
13,0.06927,23.91809,28,-0.1135,-0.39584,0.04997
13,0.06927,23.91809,29,-0.11349,-0.39584,0.04998
13,0.06927,23.91809,30,-0.11349,-0.39584,0.04998
14,0.29095,13.88618,1,0.22113,0.08003,0.68595
14,0.29095,13.88618,2,0.43219,-0.03035,0.75431
14,0.29095,13.88618,3,0.37564,-0.1562,0.75165
14,0.29095,13.88618,4,0.31683,-0.28051,0.73498
14,0.29095,13.88618,5,0.25844,-0.40394,0.7044
14,0.29095,13.88618,6,0.21597,-0.42979,0.67527
14,0.29095,13.88618,7,0.18095,-0.41472,0.63792
14,0.29095,13.88618,8,0.14606,-0.3997,0.58669
14,0.29095,13.88618,9,0.11131,-0.38475,0.52163
14,0.29095,13.88618,10,0.07674,-0.36987,0.44285
14,0.29095,13.88618,11,0.04234,-0.35506,0.35045
14,0.29095,13.88618,12,0.00813,-0.34034,0.24455
14,0.29095,13.88618,13,-0.02585,-0.32571,0.12529
14,0.29095,13.88618,14,-0.05394,-0.31601,0.0419
14,0.29095,13.88618,15,-0.07415,-0.3219,0.0638
14,0.29095,13.88618,16,-0.09339,-0.32819,0.07565
14,0.29095,13.88618,17,-0.11112,-0.3344,0.07976
14,0.29095,13.88618,18,-0.12759,-0.33911,0.07782
14,0.29095,13.88618,19,-0.14341,-0.34229,0.06836
14,0.29095,13.88618,20,-0.15808,-0.34965,0.06939
14,0.29095,13.88618,21,-0.17113,-0.35551,0.06918
14,0.29095,13.88618,22,-0.18194,-0.35998,0.06861
14,0.29095,13.88618,23,-0.19019,-0.36362,0.06727
14,0.29095,13.88618,24,-0.19569,-0.36732,0.06413
14,0.29095,13.88618,25,-0.19931,-0.3723,0.05678
14,0.29095,13.88618,26,-0.20071,-0.37704,0.05064
14,0.29095,13.88618,27,-0.20038,-0.37964,0.04934
14,0.29095,13.88618,28,-0.20023,-0.38031,0.04968
14,0.29095,13.88618,29,-0.20021,-0.38022,0.04984
14,0.29095,13.88618,30,-0.20024,-0.38018,0.04992
15,0.24697,10.24433,1,0.22113,0.08003,0.68595
15,0.24697,10.24433,2,0.43456,-0.02992,0.75477
15,0.24697,10.24433,3,0.37899,-0.15301,0.75319
15,0.24697,10.24433,4,0.32038,-0.27439,0.73755
15,0.24697,10.24433,5,0.26218,-0.39493,0.70799
15,0.24697,10.24433,6,0.21752,-0.43636,0.6752
15,0.24697,10.24433,7,0.18207,-0.42721,0.63434
15,0.24697,10.24433,8,0.14708,-0.41615,0.57995
15,0.24697,10.24433,9,0.11223,-0.40514,0.51176
15,0.24697,10.24433,10,0.07756,-0.39419,0.42988
15,0.24697,10.24433,11,0.04307,-0.38329,0.33439
15,0.24697,10.24433,12,0.00878,-0.37246,0.22544
15,0.24697,10.24433,13,-0.02529,-0.36169,0.10314
15,0.24697,10.24433,14,-0.04308,-0.35084,0.05732
15,0.24697,10.24433,15,-0.05872,-0.34565,0.05497
15,0.24697,10.24433,16,-0.07159,-0.34102,0.04972
15,0.24697,10.24433,17,-0.08111,-0.33838,0.04843
15,0.24697,10.24433,18,-0.08754,-0.33743,0.0488
15,0.24697,10.24433,19,-0.09126,-0.33735,0.04901
15,0.24697,10.24433,20,-0.09185,-0.33728,0.04952
15,0.24697,10.24433,21,-0.09175,-0.33724,0.04977
15,0.24697,10.24433,22,-0.09171,-0.33723,0.04988
15,0.24697,10.24433,23,-0.09172,-0.33722,0.04994
15,0.24697,10.24433,24,-0.09173,-0.33721,0.04996
15,0.24697,10.24433,25,-0.09173,-0.33721,0.04998
15,0.24697,10.24433,26,-0.09173,-0.33721,0.04998
15,0.24697,10.24433,27,-0.09173,-0.33721,0.04998
15,0.24697,10.24433,28,-0.09173,-0.33721,0.04998
15,0.24697,10.24433,29,-0.09173,-0.33721,0.04998
15,0.24697,10.24433,30,-0.09173,-0.33721,0.04998
16,0.24697,10.24433,1,0.22113,0.08003,0.68595
16,0.24697,10.24433,2,0.43456,-0.02992,0.75477
16,0.24697,10.24433,3,0.37899,-0.15301,0.75319
16,0.24697,10.24433,4,0.32038,-0.27439,0.73755
16,0.24697,10.24433,5,0.26218,-0.39493,0.70799
16,0.24697,10.24433,6,0.21752,-0.43636,0.6752
16,0.24697,10.24433,7,0.18207,-0.42721,0.63434
16,0.24697,10.24433,8,0.14708,-0.41615,0.57995
16,0.24697,10.24433,9,0.11223,-0.40514,0.51176
16,0.24697,10.24433,10,0.07756,-0.39419,0.42988
16,0.24697,10.24433,11,0.04307,-0.38329,0.33439
16,0.24697,10.24433,12,0.00878,-0.37246,0.22544
16,0.24697,10.24433,13,-0.02529,-0.36169,0.10314
16,0.24697,10.24433,14,-0.04308,-0.35084,0.05732
16,0.24697,10.24433,15,-0.05872,-0.34565,0.05497
16,0.24697,10.24433,16,-0.07159,-0.34102,0.04972
16,0.24697,10.24433,17,-0.08111,-0.33838,0.04843
16,0.24697,10.24433,18,-0.08754,-0.33743,0.0488
16,0.24697,10.24433,19,-0.09126,-0.33735,0.04901
16,0.24697,10.24433,20,-0.09185,-0.33728,0.04952
16,0.24697,10.24433,21,-0.09175,-0.33724,0.04977
16,0.24697,10.24433,22,-0.09171,-0.33723,0.04988
16,0.24697,10.24433,23,-0.09172,-0.33722,0.04994
16,0.24697,10.24433,24,-0.09173,-0.33721,0.04996
16,0.24697,10.24433,25,-0.09173,-0.33721,0.04998
16,0.24697,10.24433,26,-0.09173,-0.33721,0.04998
16,0.24697,10.24433,27,-0.09173,-0.33721,0.04998
16,0.24697,10.24433,28,-0.09173,-0.33721,0.04998
16,0.24697,10.24433,29,-0.09173,-0.33721,0.04998
16,0.24697,10.24433,30,-0.09173,-0.33721,0.04998
17,0.24697,10.24433,1,0.22113,0.08003,0.68595
17,0.24697,10.24433,2,0.43456,-0.02992,0.75477
17,0.24697,10.24433,3,0.37899,-0.15301,0.75319
17,0.24697,10.24433,4,0.32038,-0.27439,0.73755
17,0.24697,10.24433,5,0.26218,-0.39493,0.70799
17,0.24697,10.24433,6,0.21752,-0.43636,0.6752
17,0.24697,10.24433,7,0.18207,-0.42721,0.63434
17,0.24697,10.24433,8,0.14708,-0.41615,0.57995
17,0.24697,10.24433,9,0.11223,-0.40514,0.51176
17,0.24697,10.24433,10,0.07756,-0.39419,0.42988
17,0.24697,10.24433,11,0.04307,-0.38329,0.33439
17,0.24697,10.24433,12,0.00878,-0.37246,0.22544
17,0.24697,10.24433,13,-0.02529,-0.36169,0.10314
17,0.24697,10.24433,14,-0.04308,-0.35084,0.05732
17,0.24697,10.24433,15,-0.05872,-0.34565,0.05497
17,0.24697,10.24433,16,-0.07159,-0.34102,0.04972
17,0.24697,10.24433,17,-0.08111,-0.33838,0.04843
17,0.24697,10.24433,18,-0.08754,-0.33743,0.0488
17,0.24697,10.24433,19,-0.09126,-0.33735,0.04901
17,0.24697,10.24433,20,-0.09185,-0.33728,0.04952
17,0.24697,10.24433,21,-0.09175,-0.33724,0.04977
17,0.24697,10.24433,22,-0.09171,-0.33723,0.04988
17,0.24697,10.24433,23,-0.09172,-0.33722,0.04994
17,0.24697,10.24433,24,-0.09173,-0.33721,0.04996
17,0.24697,10.24433,25,-0.09173,-0.33721,0.04998
17,0.24697,10.24433,26,-0.09173,-0.33721,0.04998
17,0.24697,10.24433,27,-0.09173,-0.33721,0.04998
17,0.24697,10.24433,28,-0.09173,-0.33721,0.04998
17,0.24697,10.24433,29,-0.09173,-0.33721,0.04998
17,0.24697,10.24433,30,-0.09173,-0.33721,0.04998
18,0.24697,10.24433,1,0.22113,0.08003,0.68595
18,0.24697,10.24433,2,0.43456,-0.02992,0.75477
18,0.24697,10.24433,3,0.37899,-0.15301,0.75319
18,0.24697,10.24433,4,0.32038,-0.27439,0.73755
18,0.24697,10.24433,5,0.26218,-0.39493,0.70799
18,0.24697,10.24433,6,0.21752,-0.43636,0.6752
18,0.24697,10.24433,7,0.18207,-0.42721,0.63434
18,0.24697,10.24433,8,0.14708,-0.41615,0.57995
18,0.24697,10.24433,9,0.11223,-0.40514,0.51176
18,0.24697,10.24433,10,0.07756,-0.39419,0.42988
18,0.24697,10.24433,11,0.04307,-0.38329,0.33439
18,0.24697,10.24433,12,0.00878,-0.37246,0.22544
18,0.24697,10.24433,13,-0.02529,-0.36169,0.10314
18,0.24697,10.24433,14,-0.04308,-0.35084,0.05732
18,0.24697,10.24433,15,-0.05872,-0.34565,0.05497
18,0.24697,10.24433,16,-0.07159,-0.34102,0.04972
18,0.24697,10.24433,17,-0.08111,-0.33838,0.04843
18,0.24697,10.24433,18,-0.08754,-0.33743,0.0488
18,0.24697,10.24433,19,-0.09126,-0.33735,0.04901
18,0.24697,10.24433,20,-0.09185,-0.33728,0.04952
18,0.24697,10.24433,21,-0.09175,-0.33724,0.04977
18,0.24697,10.24433,22,-0.09171,-0.33723,0.04988
18,0.24697,10.24433,23,-0.09172,-0.33722,0.04994
18,0.24697,10.24433,24,-0.09173,-0.33721,0.04996
18,0.24697,10.24433,25,-0.09173,-0.33721,0.04998
18,0.24697,10.24433,26,-0.09173,-0.33721,0.04998
18,0.24697,10.24433,27,-0.09173,-0.33721,0.04998
18,0.24697,10.24433,28,-0.09173,-0.33721,0.04998
18,0.24697,10.24433,29,-0.09173,-0.33721,0.04998
18,0.24697,10.24433,30,-0.09173,-0.33721,0.04998
19,0.29095,13.88618,1,0.22113,0.08003,0.68595
19,0.29095,13.88618,2,0.43219,-0.03035,0.75431
19,0.29095,13.88618,3,0.37564,-0.1562,0.75165
19,0.29095,13.88618,4,0.31683,-0.28051,0.73498
19,0.29095,13.88618,5,0.25844,-0.40394,0.7044
19,0.29095,13.88618,6,0.21597,-0.42979,0.67527
19,0.29095,13.88618,7,0.18095,-0.41472,0.63792
19,0.29095,13.88618,8,0.14606,-0.3997,0.58669
19,0.29095,13.88618,9,0.11131,-0.38475,0.52163
19,0.29095,13.88618,10,0.07674,-0.36987,0.44285
19,0.29095,13.88618,11,0.04234,-0.35506,0.35045
19,0.29095,13.88618,12,0.00813,-0.34034,0.24455
19,0.29095,13.88618,13,-0.02585,-0.32571,0.12529
19,0.29095,13.88618,14,-0.05394,-0.31601,0.0419
19,0.29095,13.88618,15,-0.07415,-0.3219,0.0638
19,0.29095,13.88618,16,-0.09339,-0.32819,0.07565
19,0.29095,13.88618,17,-0.11112,-0.3344,0.07976
19,0.29095,13.88618,18,-0.12759,-0.33911,0.07782
19,0.29095,13.88618,19,-0.14341,-0.34229,0.06836
19,0.29095,13.88618,20,-0.15808,-0.34965,0.06939
19,0.29095,13.88618,21,-0.17113,-0.35551,0.06918
19,0.29095,13.88618,22,-0.18194,-0.35998,0.06861
19,0.29095,13.88618,23,-0.19019,-0.36362,0.06727
19,0.29095,13.88618,24,-0.19569,-0.36732,0.06413
19,0.29095,13.88618,25,-0.19931,-0.3723,0.05678
19,0.29095,13.88618,26,-0.20071,-0.37704,0.05064
19,0.29095,13.88618,27,-0.20038,-0.37964,0.04934
19,0.29095,13.88618,28,-0.20023,-0.38031,0.04968
19,0.29095,13.88618,29,-0.20021,-0.38022,0.04984
19,0.29095,13.88618,30,-0.20024,-0.38018,0.04992
20,0.24697,10.24433,1,0.22113,0.08003,0.68595
20,0.24697,10.24433,2,0.43456,-0.02992,0.75477
20,0.24697,10.24433,3,0.37899,-0.15301,0.75319
20,0.24697,10.24433,4,0.32038,-0.27439,0.73755
20,0.24697,10.24433,5,0.26218,-0.39493,0.70799
20,0.24697,10.24433,6,0.21752,-0.43636,0.6752
20,0.24697,10.24433,7,0.18207,-0.42721,0.63434
20,0.24697,10.24433,8,0.14708,-0.41615,0.57995
20,0.24697,10.24433,9,0.11223,-0.40514,0.51176
20,0.24697,10.24433,10,0.07756,-0.39419,0.42988
20,0.24697,10.24433,11,0.04307,-0.38329,0.33439
20,0.24697,10.24433,12,0.00878,-0.37246,0.22544
20,0.24697,10.24433,13,-0.02529,-0.36169,0.10314
20,0.24697,10.24433,14,-0.04308,-0.35084,0.05732
20,0.24697,10.24433,15,-0.05872,-0.34565,0.05497
20,0.24697,10.24433,16,-0.07159,-0.34102,0.04972
20,0.24697,10.24433,17,-0.08111,-0.33838,0.04843
20,0.24697,10.24433,18,-0.08754,-0.33743,0.0488
20,0.24697,10.24433,19,-0.09126,-0.33735,0.04901
20,0.24697,10.24433,20,-0.09185,-0.33728,0.04952
20,0.24697,10.24433,21,-0.09175,-0.33724,0.04977
20,0.24697,10.24433,22,-0.09171,-0.33723,0.04988
20,0.24697,10.24433,23,-0.09172,-0.33722,0.04994
20,0.24697,10.24433,24,-0.09173,-0.33721,0.04996
20,0.24697,10.24433,25,-0.09173,-0.33721,0.04998
20,0.24697,10.24433,26,-0.09173,-0.33721,0.04998
20,0.24697,10.24433,27,-0.09173,-0.33721,0.04998
20,0.24697,10.24433,28,-0.09173,-0.33721,0.04998
20,0.24697,10.24433,29,-0.09173,-0.33721,0.04998
20,0.24697,10.24433,30,-0.09173,-0.33721,0.04998
