particle,elasticity,weight,frame,x,y,z
1,0.86177,42.10766,1,-0.14446,-0.40093,0.4746
1,0.86177,42.10766,2,-0.12193,-0.25956,0.55095
1,0.86177,42.10766,3,-0.09958,-0.1193,0.61269
1,0.86177,42.10766,4,-0.0774,0.01989,0.65995
1,0.86177,42.10766,5,-0.05538,0.15808,0.69284
1,0.86177,42.10766,6,-0.03352,0.29527,0.71148
1,0.86177,42.10766,7,-0.01438,0.38649,0.71164
1,0.86177,42.10766,8,-0.00428,0.31998,0.6826
1,0.86177,42.10766,9,0.00576,0.25378,0.63965
1,0.86177,42.10766,10,0.01576,0.1879,0.58288
1,0.86177,42.10766,11,0.02571,0.12235,0.51238
1,0.86177,42.10766,12,0.0356,0.05717,0.42824
1,0.86177,42.10766,13,0.04544,-0.00762,0.33057
1,0.86177,42.10766,14,0.05521,-0.072,0.21951
1,0.86177,42.10766,15,0.06492,-0.13594,0.09518
1,0.86177,42.10766,16,0.07181,-0.18652,0.149
1,0.86177,42.10766,17,0.07867,-0.23689,0.18854
1,0.86177,42.10766,18,0.08551,-0.28705,0.21389
1,0.86177,42.10766,19,0.09232,-0.33704,0.22511
1,0.86177,42.10766,20,0.09911,-0.38685,0.22225
1,0.86177,42.10766,21,0.1029,-0.39001,0.21658
1,0.86177,42.10766,22,0.10654,-0.39001,0.19765
1,0.86177,42.10766,23,0.11016,-0.39001,0.16473
1,0.86177,42.10766,24,0.11377,-0.39001,0.11786
1,0.86177,42.10766,25,0.11769,-0.39001,0.11394
1,0.86177,42.10766,26,0.12175,-0.39,0.12438
1,0.86177,42.10766,27,0.12581,-0.39,0.12074
1,0.86177,42.10766,28,0.12986,-0.39,0.10307
1,0.86177,42.10766,29,0.1339,-0.39001,0.09998
2,0.98503,38.86839,1,-0.14446,-0.40093,0.4746
2,0.98503,38.86839,2,-0.12194,-0.24051,0.55093
2,0.98503,38.86839,3,-0.09961,-0.08146,0.6126
2,0.98503,38.86839,4,-0.07747,0.07628,0.65975
2,0.98503,38.86839,5,-0.0555,0.23276,0.69251
2,0.98503,38.86839,6,-0.03371,0.38801,0.71099
2,0.98503,38.86839,7,-0.0237,0.32993,0.69229
2,0.98503,38.86839,8,-0.01373,0.27209,0.65962
2,0.98503,38.86839,9,-0.0038,0.2145,0.61306
2,0.98503,38.86839,10,0.00607,0.15717,0.55269
2,0.98503,38.86839,11,0.0159,0.10013,0.47858
2,0.98503,38.86839,12,0.02568,0.04341,0.39085
2,0.98503,38.86839,13,0.0354,-0.01298,0.28962
2,0.98503,38.86839,14,0.04506,-0.06901,0.175
2,0.98503,38.86839,15,0.05374,-0.1205,0.11427
2,0.98503,38.86839,16,0.06056,-0.16337,0.17381
2,0.98503,38.86839,17,0.06735,-0.20606,0.21907
2,0.98503,38.86839,18,0.07411,-0.24859,0.25011
2,0.98503,38.86839,19,0.08085,-0.29097,0.26701
2,0.98503,38.86839,20,0.08756,-0.33321,0.2698
2,0.98503,38.86839,21,0.09426,-0.37531,0.25855
2,0.98503,38.86839,22,0.09872,-0.37966,0.24242
2,0.98503,38.86839,23,0.10206,-0.36521,0.21686
2,0.98503,38.86839,24,0.10539,-0.3508,0.17733
2,0.98503,38.86839,25,0.10871,-0.33644,0.12389
2,0.98503,38.86839,26,0.11252,-0.32557,0.10388
2,0.98503,38.86839,27,0.11657,-0.31643,0.09998
2,0.98503,38.86839,28,0.12061,-0.30733,0.09998
2,0.98503,38.86839,29,0.12463,-0.29826,0.09999
3,0.85277,40.59557,1,-0.14446,-0.40093,0.4746
3,0.85277,40.59557,2,-0.12193,-0.26095,0.55095
3,0.85277,40.59557,3,-0.09958,-0.12206,0.6127
3,0.85277,40.59557,4,-0.0774,0.01577,0.65996
3,0.85277,40.59557,5,-0.05537,0.15262,0.69287
3,0.85277,40.59557,6,-0.03351,0.28849,0.71152
3,0.85277,40.59557,7,-0.01436,0.3802,0.71168
3,0.85277,40.59557,8,-0.00426,0.32044,0.68265
3,0.85277,40.59557,9,0.00579,0.26095,0.6397
3,0.85277,40.59557,10,0.0158,0.20172,0.58292
3,0.85277,40.59557,11,0.02577,0.1428,0.51239
3,0.85277,40.59557,12,0.03567,0.08418,0.42821
3,0.85277,40.59557,13,0.04553,0.02591,0.33049
3,0.85277,40.59557,14,0.05532,-0.03199,0.21936
3,0.85277,40.59557,15,0.06504,-0.0895,0.09496
3,0.85277,40.59557,16,0.07194,-0.13553,0.14838
3,0.85277,40.59557,17,0.07882,-0.18136,0.18754
3,0.85277,40.59557,18,0.08567,-0.22702,0.21251
3,0.85277,40.59557,19,0.0925,-0.27252,0.22336
3,0.85277,40.59557,20,0.0993,-0.31787,0.22013
3,0.85277,40.59557,21,0.10608,-0.36307,0.20286
3,0.85277,40.59557,22,0.11179,-0.38717,0.17675
3,0.85277,40.59557,23,0.11618,-0.38507,0.14306
3,0.85277,40.59557,24,0.12061,-0.38342,0.10253
3,0.85277,40.59557,25,0.12544,-0.38523,0.10481
3,0.85277,40.59557,26,0.13026,-0.38704,0.09999
3,0.85277,40.59557,27,0.13506,-0.38884,0.09999
3,0.85277,40.59557,28,0.1397,-0.39001,0.09998
3,0.85277,40.59557,29,0.14405,-0.39001,0.09998
4,0.85277,40.62556,1,-0.14446,-0.40093,0.4746
4,0.85277,40.62556,2,-0.12193,-0.26096,0.55095
4,0.85277,40.62556,3,-0.09958,-0.12207,0.6127
4,0.85277,40.62556,4,-0.0774,0.01577,0.65996
4,0.85277,40.62556,5,-0.05537,0.15262,0.69287
4,0.85277,40.62556,6,-0.03351,0.28849,0.71152
4,0.85277,40.62556,7,-0.01436,0.38019,0.71168
4,0.85277,40.62556,8,-0.00426,0.32044,0.68265
4,0.85277,40.62556,9,0.00579,0.26095,0.6397
4,0.85277,40.62556,10,0.0158,0.20173,0.58292
4,0.85277,40.62556,11,0.02577,0.14281,0.51239
4,0.85277,40.62556,12,0.03567,0.0842,0.42821
4,0.85277,40.62556,13,0.04553,0.02593,0.33049
4,0.85277,40.62556,14,0.05532,-0.03197,0.21936
4,0.85277,40.62556,15,0.06504,-0.08948,0.09496
4,0.85277,40.62556,16,0.07194,-0.1355,0.14838
4,0.85277,40.62556,17,0.07882,-0.18133,0.18754
4,0.85277,40.62556,18,0.08567,-0.22699,0.21251
4,0.85277,40.62556,19,0.0925,-0.27249,0.22336
4,0.85277,40.62556,20,0.0993,-0.31784,0.22013
4,0.85277,40.62556,21,0.10608,-0.36303,0.20286
4,0.85277,40.62556,22,0.1118,-0.38729,0.17671
4,0.85277,40.62556,23,0.11621,-0.38553,0.14294
4,0.85277,40.62556,24,0.12065,-0.38421,0.10254
4,0.85277,40.62556,25,0.12549,-0.38632,0.10662
4,0.85277,40.62556,26,0.13032,-0.38843,0.10013
4,0.85277,40.62556,27,0.13502,-0.39001,0.09998
4,0.85277,40.62556,28,0.13932,-0.39001,0.09998
4,0.85277,40.62556,29,0.14361,-0.39,0.09998
5,0.85277,40.59557,1,-0.14446,-0.40093,0.4746
5,0.85277,40.59557,2,-0.12193,-0.26095,0.55095
5,0.85277,40.59557,3,-0.09958,-0.12206,0.6127
5,0.85277,40.59557,4,-0.0774,0.01577,0.65996
5,0.85277,40.59557,5,-0.05537,0.15262,0.69287
5,0.85277,40.59557,6,-0.03351,0.28849,0.71152
5,0.85277,40.59557,7,-0.01436,0.3802,0.71168
5,0.85277,40.59557,8,-0.00426,0.32044,0.68265
5,0.85277,40.59557,9,0.00579,0.26095,0.6397
5,0.85277,40.59557,10,0.0158,0.20172,0.58292
5,0.85277,40.59557,11,0.02577,0.1428,0.51239
5,0.85277,40.59557,12,0.03567,0.08418,0.42821
5,0.85277,40.59557,13,0.04553,0.02591,0.33049
5,0.85277,40.59557,14,0.05532,-0.03199,0.21936
5,0.85277,40.59557,15,0.06504,-0.0895,0.09496
5,0.85277,40.59557,16,0.07194,-0.13553,0.14838
5,0.85277,40.59557,17,0.07882,-0.18136,0.18754
5,0.85277,40.59557,18,0.08567,-0.22702,0.21251
5,0.85277,40.59557,19,0.0925,-0.27252,0.22336
5,0.85277,40.59557,20,0.0993,-0.31787,0.22013
5,0.85277,40.59557,21,0.10608,-0.36307,0.20286
5,0.85277,40.59557,22,0.11179,-0.38717,0.17675
5,0.85277,40.59557,23,0.11618,-0.38507,0.14306
5,0.85277,40.59557,24,0.12061,-0.38342,0.10253
5,0.85277,40.59557,25,0.12544,-0.38523,0.10481
5,0.85277,40.59557,26,0.13026,-0.38704,0.09999
5,0.85277,40.59557,27,0.13506,-0.38884,0.09999
5,0.85277,40.59557,28,0.1397,-0.39001,0.09998
5,0.85277,40.59557,29,0.14405,-0.39001,0.09998
6,0.86177,42.10766,1,-0.14446,-0.40093,0.4746
6,0.86177,42.10766,2,-0.12193,-0.25956,0.55095
6,0.86177,42.10766,3,-0.09958,-0.1193,0.61269
6,0.86177,42.10766,4,-0.0774,0.01989,0.65995
6,0.86177,42.10766,5,-0.05538,0.15808,0.69284
6,0.86177,42.10766,6,-0.03352,0.29527,0.71148
6,0.86177,42.10766,7,-0.01438,0.38649,0.71164
6,0.86177,42.10766,8,-0.00428,0.31998,0.6826
6,0.86177,42.10766,9,0.00576,0.25378,0.63965
6,0.86177,42.10766,10,0.01576,0.1879,0.58288
6,0.86177,42.10766,11,0.02571,0.12235,0.51238
6,0.86177,42.10766,12,0.0356,0.05717,0.42824
6,0.86177,42.10766,13,0.04544,-0.00762,0.33057
6,0.86177,42.10766,14,0.05521,-0.072,0.21951
6,0.86177,42.10766,15,0.06492,-0.13594,0.09518
6,0.86177,42.10766,16,0.07181,-0.18652,0.149
6,0.86177,42.10766,17,0.07867,-0.23689,0.18854
6,0.86177,42.10766,18,0.08551,-0.28705,0.21389
6,0.86177,42.10766,19,0.09232,-0.33704,0.22511
6,0.86177,42.10766,20,0.09911,-0.38685,0.22225
6,0.86177,42.10766,21,0.1029,-0.39001,0.21658
6,0.86177,42.10766,22,0.10654,-0.39001,0.19765
6,0.86177,42.10766,23,0.11016,-0.39001,0.16473
6,0.86177,42.10766,24,0.11377,-0.39001,0.11786
6,0.86177,42.10766,25,0.11769,-0.39001,0.11394
6,0.86177,42.10766,26,0.12175,-0.39,0.12438
6,0.86177,42.10766,27,0.12581,-0.39,0.12074
6,0.86177,42.10766,28,0.12986,-0.39,0.10307
6,0.86177,42.10766,29,0.1339,-0.39001,0.09998
7,0.96326,39.134,1,-0.14446,-0.40093,0.4746
7,0.96326,39.134,2,-0.12194,-0.24388,0.55093
7,0.96326,39.134,3,-0.0996,-0.08813,0.61261
7,0.96326,39.134,4,-0.07745,0.06633,0.65978
7,0.96326,39.134,5,-0.05548,0.21959,0.69257
7,0.96326,39.134,6,-0.03367,0.37166,0.71108
7,0.96326,39.134,7,-0.02235,0.33596,0.69541
7,0.96326,39.134,8,-0.01236,0.27709,0.66326
7,0.96326,39.134,9,-0.00241,0.21848,0.61722
7,0.96326,39.134,10,0.00747,0.16015,0.55736
7,0.96326,39.134,11,0.01732,0.1021,0.48378
7,0.96326,39.134,12,0.02712,0.04438,0.39656
7,0.96326,39.134,13,0.03686,-0.013,0.29584
7,0.96326,39.134,14,0.04654,-0.07002,0.18173
7,0.96326,39.134,15,0.05523,-0.12248,0.11908
7,0.96326,39.134,16,0.06206,-0.16633,0.17191
7,0.96326,39.134,17,0.06887,-0.21,0.21048
7,0.96326,39.134,18,0.07564,-0.2535,0.23487
7,0.96326,39.134,19,0.0824,-0.29686,0.24514
7,0.96326,39.134,20,0.08913,-0.34008,0.24133
7,0.96326,39.134,21,0.09584,-0.38315,0.22349
7,0.96326,39.134,22,0.10032,-0.38617,0.2014
7,0.96326,39.134,23,0.10452,-0.3842,0.16653
7,0.96326,39.134,24,0.1087,-0.38223,0.11773
7,0.96326,39.134,25,0.1132,-0.38281,0.11616
7,0.96326,39.134,26,0.11787,-0.38465,0.13107
7,0.96326,39.134,27,0.12252,-0.38648,0.13189
7,0.96326,39.134,28,0.12717,-0.38832,0.11867
7,0.96326,39.134,29,0.13178,-0.39001,0.10021
8,0.88518,39.99103,1,-0.14446,-0.40093,0.4746
8,0.88518,39.99103,2,-0.12193,-0.25594,0.55094
8,0.88518,39.99103,3,-0.09959,-0.11211,0.61267
8,0.88518,39.99103,4,-0.07741,0.03061,0.65991
8,0.88518,39.99103,5,-0.0554,0.17228,0.69278
8,0.88518,39.99103,6,-0.03356,0.31291,0.71139
8,0.88518,39.99103,7,-0.017,0.36299,0.70673
8,0.88518,39.99103,8,-0.00694,0.30104,0.67666
8,0.88518,39.99103,9,0.00307,0.23937,0.63269
8,0.88518,39.99103,10,0.01305,0.17798,0.57489
8,0.88518,39.99103,11,0.02297,0.11691,0.50336
8,0.88518,39.99103,12,0.03284,0.05616,0.41819
8,0.88518,39.99103,13,0.04265,-0.00421,0.31949
8,0.88518,39.99103,14,0.0524,-0.06421,0.2074
8,0.88518,39.99103,15,0.06177,-0.12244,0.10335
8,0.88518,39.99103,16,0.06865,-0.16943,0.15588
8,0.88518,39.99103,17,0.0755,-0.21622,0.19416
8,0.88518,39.99103,18,0.08232,-0.26283,0.21826
8,0.88518,39.99103,19,0.08912,-0.30928,0.22822
8,0.88518,39.99103,20,0.09589,-0.35557,0.22412
8,0.88518,39.99103,21,0.1018,-0.3867,0.20963
8,0.88518,39.99103,22,0.10471,-0.36529,0.19392
8,0.88518,39.99103,23,0.10762,-0.34394,0.1642
8,0.88518,39.99103,24,0.11051,-0.32265,0.12054
8,0.88518,39.99103,25,0.114,-0.30563,0.10044
8,0.88518,39.99103,26,0.11777,-0.29076,0.09999
8,0.88518,39.99103,27,0.12153,-0.27594,0.09999
8,0.88518,39.99103,28,0.12528,-0.26119,0.09998
8,0.88518,39.99103,29,0.12901,-0.24648,0.09998
9,0.85408,41.60198,1,-0.14446,-0.40093,0.4746
9,0.85408,41.60198,2,-0.12193,-0.26075,0.55095
9,0.85408,41.60198,3,-0.09958,-0.12166,0.6127
9,0.85408,41.60198,4,-0.0774,0.01637,0.65996
9,0.85408,41.60198,5,-0.05538,0.15341,0.69286
9,0.85408,41.60198,6,-0.03351,0.28948,0.71152
9,0.85408,41.60198,7,-0.01436,0.38111,0.71168
9,0.85408,41.60198,8,-0.00426,0.32038,0.68264
9,0.85408,41.60198,9,0.00579,0.2599,0.63969
9,0.85408,41.60198,10,0.0158,0.19971,0.58291
9,0.85408,41.60198,11,0.02576,0.13982,0.51238
9,0.85408,41.60198,12,0.03566,0.08025,0.42821
9,0.85408,41.60198,13,0.04551,0.02103,0.3305
9,0.85408,41.60198,14,0.0553,-0.03782,0.21938
9,0.85408,41.60198,15,0.06502,-0.09627,0.09499
9,0.85408,41.60198,16,0.07193,-0.14296,0.14847
9,0.85408,41.60198,17,0.0788,-0.18945,0.18769
9,0.85408,41.60198,18,0.08565,-0.23577,0.21272
9,0.85408,41.60198,19,0.09247,-0.28193,0.22362
9,0.85408,41.60198,20,0.09927,-0.32793,0.22044
9,0.85408,41.60198,21,0.10605,-0.37377,0.20323
9,0.85408,41.60198,22,0.11087,-0.38196,0.18121
9,0.85408,41.60198,23,0.1147,-0.3714,0.14978
9,0.85408,41.60198,24,0.11853,-0.36087,0.10441
9,0.85408,41.60198,25,0.1229,-0.35476,0.11531
9,0.85408,41.60198,26,0.12733,-0.34921,0.12091
9,0.85408,41.60198,27,0.13176,-0.34367,0.11245
9,0.85408,41.60198,28,0.13617,-0.33815,0.10017
9,0.85408,41.60198,29,0.14056,-0.33266,0.09999
10,0.89157,41.35288,1,-0.14446,-0.40093,0.4746
10,0.89157,41.35288,2,-0.12193,-0.25496,0.55094
10,0.89157,41.35288,3,-0.09959,-0.11015,0.61267
10,0.89157,41.35288,4,-0.07742,0.03354,0.6599
10,0.89157,41.35288,5,-0.05541,0.17615,0.69276
10,0.89157,41.35288,6,-0.03357,0.31772,0.71137
10,0.89157,41.35288,7,-0.01701,0.36623,0.7067
10,0.89157,41.35288,8,-0.00696,0.29962,0.67663
10,0.89157,41.35288,9,0.00305,0.23331,0.63266
10,0.89157,41.35288,10,0.01301,0.16732,0.57487
10,0.89157,41.35288,11,0.02293,0.10168,0.50336
10,0.89157,41.35288,12,0.03279,0.0364,0.41821
10,0.89157,41.35288,13,0.04259,-0.02848,0.31956
10,0.89157,41.35288,14,0.05232,-0.09295,0.20751
10,0.89157,41.35288,15,0.06169,-0.15547,0.10354
10,0.89157,41.35288,16,0.06855,-0.20561,0.15635
10,0.89157,41.35288,17,0.07539,-0.25552,0.1949
10,0.89157,41.35288,18,0.08221,-0.30525,0.21926
10,0.89157,41.35288,19,0.08899,-0.35479,0.22949
10,0.89157,41.35288,20,0.09458,-0.38723,0.22971
10,0.89157,41.35288,21,0.09779,-0.38575,0.224
10,0.89157,41.35288,22,0.101,-0.38427,0.20426
10,0.89157,41.35288,23,0.1042,-0.38279,0.17053
10,0.89157,41.35288,24,0.10739,-0.38132,0.12285
10,0.89157,41.35288,25,0.11101,-0.38237,0.11182
10,0.89157,41.35288,26,0.11498,-0.38542,0.12713
10,0.89157,41.35288,27,0.11895,-0.38847,0.12837
10,0.89157,41.35288,28,0.12283,-0.39001,0.11592
10,0.89157,41.35288,29,0.12663,-0.39001,0.10036
11,0.87505,38.01541,1,-0.14446,-0.40093,0.4746
11,0.87505,38.01541,2,-0.12193,-0.25751,0.55095
11,0.87505,38.01541,3,-0.09958,-0.11522,0.61268
11,0.87505,38.01541,4,-0.07741,0.02597,0.65993
11,0.87505,38.01541,5,-0.0554,0.16613,0.69281
11,0.87505,38.01541,6,-0.03354,0.30528,0.71143
11,0.87505,38.01541,7,-0.01569,0.37559,0.70923
11,0.87505,38.01541,8,-0.00561,0.31007,0.67968
11,0.87505,38.01541,9,0.00441,0.24485,0.63622
11,0.87505,38.01541,10,0.0144,0.17994,0.57894
11,0.87505,38.01541,11,0.02433,0.11536,0.50793
11,0.87505,38.01541,12,0.03421,0.05114,0.42328
11,0.87505,38.01541,13,0.04403,-0.01269,0.32511
11,0.87505,38.01541,14,0.05379,-0.07612,0.21354
11,0.87505,38.01541,15,0.06317,-0.13767,0.10634
11,0.87505,38.01541,16,0.07006,-0.18735,0.12636
11,0.87505,38.01541,17,0.07692,-0.23686,0.13227
11,0.87505,38.01541,18,0.08376,-0.2862,0.12412
11,0.87505,38.01541,19,0.09057,-0.33535,0.10196
11,0.87505,38.01541,20,0.09721,-0.38326,0.09998
11,0.87505,38.01541,21,0.10022,-0.38163,0.10552
11,0.87505,38.01541,22,0.10286,-0.37431,0.10036
11,0.87505,38.01541,23,0.10632,-0.37159,0.09998
11,0.87505,38.01541,24,0.10999,-0.37009,0.09998
11,0.87505,38.01541,25,0.11365,-0.36861,0.09999
11,0.87505,38.01541,26,0.1173,-0.36712,0.09999
11,0.87505,38.01541,27,0.12095,-0.36564,0.09998
11,0.87505,38.01541,28,0.12459,-0.36416,0.09998
11,0.87505,38.01541,29,0.12822,-0.36269,0.09998
12,0.86177,42.10766,1,-0.14446,-0.40093,0.4746
12,0.86177,42.10766,2,-0.12193,-0.25956,0.55095
12,0.86177,42.10766,3,-0.09958,-0.1193,0.61269
12,0.86177,42.10766,4,-0.0774,0.01989,0.65995
12,0.86177,42.10766,5,-0.05538,0.15808,0.69284
12,0.86177,42.10766,6,-0.03352,0.29527,0.71148
12,0.86177,42.10766,7,-0.01438,0.38649,0.71164
12,0.86177,42.10766,8,-0.00428,0.31998,0.6826
12,0.86177,42.10766,9,0.00576,0.25378,0.63965
12,0.86177,42.10766,10,0.01576,0.1879,0.58288
12,0.86177,42.10766,11,0.02571,0.12235,0.51238
12,0.86177,42.10766,12,0.0356,0.05717,0.42824
12,0.86177,42.10766,13,0.04544,-0.00762,0.33057
12,0.86177,42.10766,14,0.05521,-0.072,0.21951
12,0.86177,42.10766,15,0.06492,-0.13594,0.09518
12,0.86177,42.10766,16,0.07181,-0.18652,0.149
12,0.86177,42.10766,17,0.07867,-0.23689,0.18854
12,0.86177,42.10766,18,0.08551,-0.28705,0.21389
12,0.86177,42.10766,19,0.09232,-0.33704,0.22511
12,0.86177,42.10766,20,0.09911,-0.38685,0.22225
12,0.86177,42.10766,21,0.1029,-0.39001,0.21658
12,0.86177,42.10766,22,0.10654,-0.39001,0.19765
12,0.86177,42.10766,23,0.11016,-0.39001,0.16473
12,0.86177,42.10766,24,0.11377,-0.39001,0.11786
12,0.86177,42.10766,25,0.11769,-0.39001,0.11394
12,0.86177,42.10766,26,0.12175,-0.39,0.12438
12,0.86177,42.10766,27,0.12581,-0.39,0.12074
12,0.86177,42.10766,28,0.12986,-0.39,0.10307
12,0.86177,42.10766,29,0.1339,-0.39001,0.09998
13,0.9046,41.61872,1,-0.14446,-0.40093,0.4746
13,0.9046,41.61872,2,-0.12193,-0.25294,0.55094
13,0.9046,41.61872,3,-0.09959,-0.10614,0.61266
13,0.9046,41.61872,4,-0.07742,0.0395,0.65988
13,0.9046,41.61872,5,-0.05542,0.18406,0.69273
13,0.9046,41.61872,6,-0.03359,0.32754,0.71132
13,0.9046,41.61872,7,-0.01833,0.35483,0.70407
13,0.9046,41.61872,8,-0.00829,0.28999,0.67348
13,0.9046,41.61872,9,0.0017,0.22544,0.629
13,0.9046,41.61872,10,0.01165,0.1612,0.5707
13,0.9046,41.61872,11,0.02155,0.09729,0.49868
13,0.9046,41.61872,12,0.03139,0.03374,0.41302
13,0.9046,41.61872,13,0.04118,-0.02943,0.31385
13,0.9046,41.61872,14,0.0509,-0.0922,0.20129
13,0.9046,41.61872,15,0.06025,-0.15305,0.09752
13,0.9046,41.61872,16,0.06711,-0.20172,0.1562
13,0.9046,41.61872,17,0.07394,-0.25017,0.20058
13,0.9046,41.61872,18,0.08074,-0.29842,0.23075
13,0.9046,41.61872,19,0.08751,-0.3465,0.24677
13,0.9046,41.61872,20,0.09378,-0.3876,0.25022
13,0.9046,41.61872,21,0.09619,-0.37412,0.25188
13,0.9046,41.61872,22,0.09858,-0.36067,0.23949
13,0.9046,41.61872,23,0.10098,-0.34725,0.21309
13,0.9046,41.61872,24,0.10336,-0.33387,0.17272
13,0.9046,41.61872,25,0.10574,-0.32054,0.11844
13,0.9046,41.61872,26,0.1088,-0.31153,0.11603
13,0.9046,41.61872,27,0.11219,-0.30468,0.13239
13,0.9046,41.61872,28,0.11559,-0.29784,0.13467
13,0.9046,41.61872,29,0.11897,-0.29102,0.12289
14,0.86177,42.10766,1,-0.14446,-0.40093,0.4746
14,0.86177,42.10766,2,-0.12193,-0.25956,0.55095
14,0.86177,42.10766,3,-0.09958,-0.1193,0.61269
14,0.86177,42.10766,4,-0.0774,0.01989,0.65995
14,0.86177,42.10766,5,-0.05538,0.15808,0.69284
14,0.86177,42.10766,6,-0.03352,0.29527,0.71148
14,0.86177,42.10766,7,-0.01438,0.38649,0.71164
14,0.86177,42.10766,8,-0.00428,0.31998,0.6826
14,0.86177,42.10766,9,0.00576,0.25378,0.63965
14,0.86177,42.10766,10,0.01576,0.1879,0.58288
14,0.86177,42.10766,11,0.02571,0.12235,0.51238
14,0.86177,42.10766,12,0.0356,0.05717,0.42824
14,0.86177,42.10766,13,0.04544,-0.00762,0.33057
14,0.86177,42.10766,14,0.05521,-0.072,0.21951
14,0.86177,42.10766,15,0.06492,-0.13594,0.09518
14,0.86177,42.10766,16,0.07181,-0.18652,0.149
14,0.86177,42.10766,17,0.07867,-0.23689,0.18854
14,0.86177,42.10766,18,0.08551,-0.28705,0.21389
14,0.86177,42.10766,19,0.09232,-0.33704,0.22511
14,0.86177,42.10766,20,0.09911,-0.38685,0.22225
14,0.86177,42.10766,21,0.1029,-0.39001,0.21658
14,0.86177,42.10766,22,0.10654,-0.39001,0.19765
14,0.86177,42.10766,23,0.11016,-0.39001,0.16473
14,0.86177,42.10766,24,0.11377,-0.39001,0.11786
14,0.86177,42.10766,25,0.11769,-0.39001,0.11394
14,0.86177,42.10766,26,0.12175,-0.39,0.12438
14,0.86177,42.10766,27,0.12581,-0.39,0.12074
14,0.86177,42.10766,28,0.12986,-0.39,0.10307
14,0.86177,42.10766,29,0.1339,-0.39001,0.09998
15,0.9046,41.61872,1,-0.14446,-0.40093,0.4746
15,0.9046,41.61872,2,-0.12193,-0.25294,0.55094
15,0.9046,41.61872,3,-0.09959,-0.10614,0.61266
15,0.9046,41.61872,4,-0.07742,0.0395,0.65988
15,0.9046,41.61872,5,-0.05542,0.18406,0.69273
15,0.9046,41.61872,6,-0.03359,0.32754,0.71132
15,0.9046,41.61872,7,-0.01833,0.35483,0.70407
15,0.9046,41.61872,8,-0.00829,0.28999,0.67348
15,0.9046,41.61872,9,0.0017,0.22544,0.629
15,0.9046,41.61872,10,0.01165,0.1612,0.5707
15,0.9046,41.61872,11,0.02155,0.09729,0.49868
15,0.9046,41.61872,12,0.03139,0.03374,0.41302
15,0.9046,41.61872,13,0.04118,-0.02943,0.31385
15,0.9046,41.61872,14,0.0509,-0.0922,0.20129
15,0.9046,41.61872,15,0.06025,-0.15305,0.09752
15,0.9046,41.61872,16,0.06711,-0.20172,0.1562
15,0.9046,41.61872,17,0.07394,-0.25017,0.20058
15,0.9046,41.61872,18,0.08074,-0.29842,0.23075
15,0.9046,41.61872,19,0.08751,-0.3465,0.24677
15,0.9046,41.61872,20,0.09378,-0.3876,0.25022
15,0.9046,41.61872,21,0.09619,-0.37412,0.25188
15,0.9046,41.61872,22,0.09858,-0.36067,0.23949
15,0.9046,41.61872,23,0.10098,-0.34725,0.21309
15,0.9046,41.61872,24,0.10336,-0.33387,0.17272
15,0.9046,41.61872,25,0.10574,-0.32054,0.11844
15,0.9046,41.61872,26,0.1088,-0.31153,0.11603
15,0.9046,41.61872,27,0.11219,-0.30468,0.13239
15,0.9046,41.61872,28,0.11559,-0.29784,0.13467
15,0.9046,41.61872,29,0.11897,-0.29102,0.12289
16,0.85277,40.59557,1,-0.14446,-0.40093,0.4746
16,0.85277,40.59557,2,-0.12193,-0.26095,0.55095
16,0.85277,40.59557,3,-0.09958,-0.12206,0.6127
16,0.85277,40.59557,4,-0.0774,0.01577,0.65996
16,0.85277,40.59557,5,-0.05537,0.15262,0.69287
16,0.85277,40.59557,6,-0.03351,0.28849,0.71152
16,0.85277,40.59557,7,-0.01436,0.3802,0.71168
16,0.85277,40.59557,8,-0.00426,0.32044,0.68265
16,0.85277,40.59557,9,0.00579,0.26095,0.6397
16,0.85277,40.59557,10,0.0158,0.20172,0.58292
16,0.85277,40.59557,11,0.02577,0.1428,0.51239
16,0.85277,40.59557,12,0.03567,0.08418,0.42821
16,0.85277,40.59557,13,0.04553,0.02591,0.33049
16,0.85277,40.59557,14,0.05532,-0.03199,0.21936
16,0.85277,40.59557,15,0.06504,-0.0895,0.09496
16,0.85277,40.59557,16,0.07194,-0.13553,0.14838
16,0.85277,40.59557,17,0.07882,-0.18136,0.18754
16,0.85277,40.59557,18,0.08567,-0.22702,0.21251
16,0.85277,40.59557,19,0.0925,-0.27252,0.22336
16,0.85277,40.59557,20,0.0993,-0.31787,0.22013
16,0.85277,40.59557,21,0.10608,-0.36307,0.20286
16,0.85277,40.59557,22,0.11179,-0.38717,0.17675
16,0.85277,40.59557,23,0.11618,-0.38507,0.14306
16,0.85277,40.59557,24,0.12061,-0.38342,0.10253
16,0.85277,40.59557,25,0.12544,-0.38523,0.10481
16,0.85277,40.59557,26,0.13026,-0.38704,0.09999
16,0.85277,40.59557,27,0.13506,-0.38884,0.09999
16,0.85277,40.59557,28,0.1397,-0.39001,0.09998
16,0.85277,40.59557,29,0.14405,-0.39001,0.09998
17,0.85277,40.62556,1,-0.14446,-0.40093,0.4746
17,0.85277,40.62556,2,-0.12193,-0.26096,0.55095
17,0.85277,40.62556,3,-0.09958,-0.12207,0.6127
17,0.85277,40.62556,4,-0.0774,0.01577,0.65996
17,0.85277,40.62556,5,-0.05537,0.15262,0.69287
17,0.85277,40.62556,6,-0.03351,0.28849,0.71152
17,0.85277,40.62556,7,-0.01436,0.38019,0.71168
17,0.85277,40.62556,8,-0.00426,0.32044,0.68265
17,0.85277,40.62556,9,0.00579,0.26095,0.6397
17,0.85277,40.62556,10,0.0158,0.20173,0.58292
17,0.85277,40.62556,11,0.02577,0.14281,0.51239
17,0.85277,40.62556,12,0.03567,0.0842,0.42821
17,0.85277,40.62556,13,0.04553,0.02593,0.33049
17,0.85277,40.62556,14,0.05532,-0.03197,0.21936
17,0.85277,40.62556,15,0.06504,-0.08948,0.09496
17,0.85277,40.62556,16,0.07194,-0.1355,0.14838
17,0.85277,40.62556,17,0.07882,-0.18133,0.18754
17,0.85277,40.62556,18,0.08567,-0.22699,0.21251
17,0.85277,40.62556,19,0.0925,-0.27249,0.22336
17,0.85277,40.62556,20,0.0993,-0.31784,0.22013
17,0.85277,40.62556,21,0.10608,-0.36303,0.20286
17,0.85277,40.62556,22,0.1118,-0.38729,0.17671
17,0.85277,40.62556,23,0.11621,-0.38553,0.14294
17,0.85277,40.62556,24,0.12065,-0.38421,0.10254
17,0.85277,40.62556,25,0.12549,-0.38632,0.10662
17,0.85277,40.62556,26,0.13032,-0.38843,0.10013
17,0.85277,40.62556,27,0.13502,-0.39001,0.09998
17,0.85277,40.62556,28,0.13932,-0.39001,0.09998
17,0.85277,40.62556,29,0.14361,-0.39,0.09998
18,0.79367,37.11291,1,-0.14446,-0.40093,0.4746
18,0.79367,37.11291,2,-0.12193,-0.27009,0.55096
18,0.79367,37.11291,3,-0.09957,-0.14023,0.61274
18,0.79367,37.11291,4,-0.07736,-0.0113,0.66006
18,0.79367,37.11291,5,-0.05532,0.11672,0.69303
18,0.79367,37.11291,6,-0.03342,0.24389,0.71175
18,0.79367,37.11291,7,-0.01167,0.37021,0.71633
18,0.79367,37.11291,8,0.00104,0.35487,0.69325
18,0.79367,37.11291,9,0.01118,0.2994,0.65235
18,0.79367,37.11291,10,0.02126,0.24417,0.59759
18,0.79367,37.11291,11,0.0313,0.18921,0.52907
18,0.79367,37.11291,12,0.04129,0.13454,0.44688
18,0.79367,37.11291,13,0.05122,0.08017,0.35112
18,0.79367,37.11291,14,0.06109,0.02614,0.24193
18,0.79367,37.11291,15,0.0709,-0.02753,0.11943
18,0.79367,37.11291,16,0.07848,-0.07385,0.13304
18,0.79367,37.11291,17,0.08541,-0.11798,0.17515
18,0.79367,37.11291,18,0.09231,-0.16194,0.20306
18,0.79367,37.11291,19,0.09919,-0.20575,0.21684
18,0.79367,37.11291,20,0.10605,-0.24942,0.21652
18,0.79367,37.11291,21,0.11288,-0.29294,0.20217
18,0.79367,37.11291,22,0.11969,-0.33631,0.17383
18,0.79367,37.11291,23,0.12648,-0.37952,0.13155
18,0.79367,37.11291,24,0.13175,-0.38362,0.10287
18,0.79367,37.11291,25,0.1368,-0.37904,0.10028
18,0.79367,37.11291,26,0.14183,-0.37448,0.09999
18,0.79367,37.11291,27,0.14685,-0.36993,0.09998
18,0.79367,37.11291,28,0.15186,-0.36539,0.09998
18,0.79367,37.11291,29,0.15685,-0.36086,0.09998
19,0.88635,40.24112,1,-0.14446,-0.40093,0.4746
19,0.88635,40.24112,2,-0.12193,-0.25576,0.55094
19,0.88635,40.24112,3,-0.09959,-0.11175,0.61267
19,0.88635,40.24112,4,-0.07741,0.03115,0.65991
19,0.88635,40.24112,5,-0.05541,0.17299,0.69278
19,0.88635,40.24112,6,-0.03356,0.31379,0.71139
19,0.88635,40.24112,7,-0.017,0.36358,0.70672
19,0.88635,40.24112,8,-0.00694,0.30078,0.67665
19,0.88635,40.24112,9,0.00307,0.23826,0.63268
19,0.88635,40.24112,10,0.01304,0.17604,0.57489
19,0.88635,40.24112,11,0.02296,0.11413,0.50336
19,0.88635,40.24112,12,0.03283,0.05256,0.41819
19,0.88635,40.24112,13,0.04264,-0.00863,0.3195
19,0.88635,40.24112,14,0.05238,-0.06945,0.20742
19,0.88635,40.24112,15,0.06176,-0.12846,0.10338
19,0.88635,40.24112,16,0.06863,-0.17602,0.15597
19,0.88635,40.24112,17,0.07548,-0.22338,0.1943
19,0.88635,40.24112,18,0.0823,-0.27056,0.21844
19,0.88635,40.24112,19,0.0891,-0.31758,0.22846
19,0.88635,40.24112,20,0.09587,-0.36443,0.2244
19,0.88635,40.24112,21,0.10085,-0.38108,0.21361
19,0.88635,40.24112,22,0.1036,-0.36016,0.19792
19,0.88635,40.24112,23,0.10635,-0.3393,0.16823
19,0.88635,40.24112,24,0.10909,-0.31851,0.12459
19,0.88635,40.24112,25,0.11235,-0.3013,0.10942
19,0.88635,40.24112,26,0.11602,-0.28695,0.1141
19,0.88635,40.24112,27,0.11968,-0.27263,0.10472
19,0.88635,40.24112,28,0.12332,-0.2584,0.09999
19,0.88635,40.24112,29,0.12695,-0.24422,0.09998
20,0.9046,41.61872,1,-0.14446,-0.40093,0.4746
20,0.9046,41.61872,2,-0.12193,-0.25294,0.55094
20,0.9046,41.61872,3,-0.09959,-0.10614,0.61266
20,0.9046,41.61872,4,-0.07742,0.0395,0.65988
20,0.9046,41.61872,5,-0.05542,0.18406,0.69273
20,0.9046,41.61872,6,-0.03359,0.32754,0.71132
20,0.9046,41.61872,7,-0.01833,0.35483,0.70407
20,0.9046,41.61872,8,-0.00829,0.28999,0.67348
20,0.9046,41.61872,9,0.0017,0.22544,0.629
20,0.9046,41.61872,10,0.01165,0.1612,0.5707
20,0.9046,41.61872,11,0.02155,0.09729,0.49868
20,0.9046,41.61872,12,0.03139,0.03374,0.41302
20,0.9046,41.61872,13,0.04118,-0.02943,0.31385
20,0.9046,41.61872,14,0.0509,-0.0922,0.20129
20,0.9046,41.61872,15,0.06025,-0.15305,0.09752
20,0.9046,41.61872,16,0.06711,-0.20172,0.1562
20,0.9046,41.61872,17,0.07394,-0.25017,0.20058
20,0.9046,41.61872,18,0.08074,-0.29842,0.23075
20,0.9046,41.61872,19,0.08751,-0.3465,0.24677
20,0.9046,41.61872,20,0.09378,-0.3876,0.25022
20,0.9046,41.61872,21,0.09619,-0.37412,0.25188
20,0.9046,41.61872,22,0.09858,-0.36067,0.23949
20,0.9046,41.61872,23,0.10098,-0.34725,0.21309
20,0.9046,41.61872,24,0.10336,-0.33387,0.17272
20,0.9046,41.61872,25,0.10574,-0.32054,0.11844
20,0.9046,41.61872,26,0.1088,-0.31153,0.11603
20,0.9046,41.61872,27,0.11219,-0.30468,0.13239
20,0.9046,41.61872,28,0.11559,-0.29784,0.13467
20,0.9046,41.61872,29,0.11897,-0.29102,0.12289
