particle,elasticity,weight,frame,x,y,z
1,0.84821,221.60832,1,0.36982,0.09161,0.78009
1,0.84821,221.60832,2,0.28027,0.05744,0.60542
1,0.84821,221.60832,3,0.09541,-0.04969,0.53955
1,0.84821,221.60832,4,0.09252,-0.03959,0.35303
1,0.84821,221.60832,5,0.10107,-0.13814,0.17108
1,0.84821,221.60832,6,0.18384,-0.20417,0.19245
1,0.84821,221.60832,7,0.30512,-0.05669,0.22217
1,0.84821,221.60832,8,0.20045,0.02729,0.36297
1,0.84821,221.60832,9,0.09069,-0.05377,0.42799
1,0.84821,221.60832,10,0.12859,-0.06061,0.36343
1,0.84821,221.60832,11,0.08122,-0.15509,0.38654
1,0.84821,221.60832,12,-0.0451,-0.19635,0.39211
1,0.84821,221.60832,13,0.05264,-0.21002,0.49027
1,0.84821,221.60832,14,0.12897,-0.12936,0.6321
1,0.84821,221.60832,15,-0.03052,0.03534,0.68148
1,0.84821,221.60832,16,-0.01202,0.02669,0.73261
1,0.84821,221.60832,17,-0.04033,0.2949,0.71745
1,0.84821,221.60832,18,-0.03891,0.17986,0.71572
1,0.84821,221.60832,19,-0.1812,0.08845,0.55032
1,0.84821,221.60832,20,-0.04535,0.15479,0.68609
1,0.84821,221.60832,21,-0.03053,0.26785,0.68656
1,0.84821,221.60832,22,0.14577,0.0978,0.71687
1,0.84821,221.60832,23,0.2755,0.03527,0.53479
1,0.84821,221.60832,24,0.37282,0.00331,0.37366
1,0.84821,221.60832,25,0.27045,0.04144,0.25215
1,0.84821,221.60832,26,0.41638,0.18627,0.20883
1,0.84821,221.60832,27,0.25169,0.06623,0.26998
1,0.84821,221.60832,28,0.12047,0.22199,0.11451
1,0.84821,221.60832,29,0.06569,0.19255,0.1186
1,0.84821,221.60832,30,-0.00214,0.34515,0.22419
1,0.84821,221.60832,31,0.00776,0.37228,0.23667
1,0.84821,221.60832,32,-0.0482,0.35347,0.18104
1,0.84821,221.60832,33,0.11367,0.41848,0.24939
1,0.84821,221.60832,34,0.09132,0.38297,0.17686
1,0.84821,221.60832,35,0.21991,0.21391,0.16489
1,0.84821,221.60832,36,0.19226,0.22291,0.11007
1,0.84821,221.60832,37,0.14408,0.20058,0.08263
1,0.84821,221.60832,38,0.22552,0.28363,0.08421
1,0.84821,221.60832,39,0.16524,0.26553,0.1689
1,0.84821,221.60832,40,-0.0058,0.15094,0.26934
1,0.84821,221.60832,41,0.0896,0.1605,0.20887
1,0.84821,221.60832,42,0.04398,0.04021,0.13484
1,0.84821,221.60832,43,0.05505,-0.07656,0.26328
1,0.84821,221.60832,44,-0.065,0.07833,0.16113
1,0.84821,221.60832,45,-0.11621,0.02896,0.11121
1,0.84821,221.60832,46,-0.12282,-0.09605,0.08457
1,0.84821,221.60832,47,0.07127,-0.11224,0.09065
1,0.84821,221.60832,48,0.01646,-0.21828,0.2772
1,0.84821,221.60832,49,0.10416,-0.31275,0.26421
1,0.84821,221.60832,50,0.10553,-0.3064,0.29656
1,0.84821,221.60832,51,-0.00377,-0.24614,0.12824
1,0.84821,221.60832,52,0.02514,-0.22464,0.13466
1,0.84821,221.60832,53,0.12492,-0.37994,0.09628
1,0.84821,221.60832,54,0.15903,-0.37815,0.03306
2,0.65067,207.78723,1,0.3698,0.09157,0.81004
2,0.65067,207.78723,2,0.28019,0.05731,0.63487
2,0.65067,207.78723,3,0.09527,-0.0499,0.56848
2,0.65067,207.78723,4,0.09232,-0.03988,0.38144
2,0.65067,207.78723,5,0.10082,-0.13852,0.19894
2,0.65067,207.78723,6,0.18363,-0.20449,0.15895
2,0.65067,207.78723,7,0.30488,-0.05705,0.18898
2,0.65067,207.78723,8,0.20019,0.02689,0.33004
2,0.65067,207.78723,9,0.0904,-0.05421,0.39528
2,0.65067,207.78723,10,0.12828,-0.06108,0.33091
2,0.65067,207.78723,11,0.08089,-0.15559,0.35418
2,0.65067,207.78723,12,-0.04544,-0.19687,0.35988
2,0.65067,207.78723,13,0.05229,-0.21054,0.45815
2,0.65067,207.78723,14,0.12862,-0.12988,0.60009
2,0.65067,207.78723,15,-0.03085,0.03484,0.64959
2,0.65067,207.78723,16,-0.01233,0.02622,0.70086
2,0.65067,207.78723,17,-0.04062,0.29446,0.68587
2,0.65067,207.78723,18,-0.03918,0.17946,0.68434
2,0.65067,207.78723,19,-0.18144,0.08809,0.51917
2,0.65067,207.78723,20,-0.04556,0.15447,0.6552
2,0.65067,207.78723,21,-0.03071,0.26757,0.65596
2,0.65067,207.78723,22,0.14562,0.09757,0.68659
2,0.65067,207.78723,23,0.27537,0.03507,0.50485
2,0.65067,207.78723,24,0.37272,0.00316,0.3441
2,0.65067,207.78723,25,0.27037,0.04133,0.22298
2,0.65067,207.78723,26,0.41641,0.18573,0.18017
2,0.65067,207.78723,27,0.25179,0.06572,0.24174
2,0.65067,207.78723,28,0.12132,0.22171,0.11672
2,0.65067,207.78723,29,0.06568,0.19215,0.10352
2,0.65067,207.78723,30,-0.00217,0.34474,0.20919
2,0.65067,207.78723,31,0.00772,0.37187,0.22173
2,0.65067,207.78723,32,-0.04824,0.35306,0.16617
2,0.65067,207.78723,33,0.11416,0.41848,0.23681
2,0.65067,207.78723,34,0.09181,0.38298,0.16435
2,0.65067,207.78723,35,0.22041,0.21393,0.15245
2,0.65067,207.78723,36,0.19269,0.2214,0.10963
2,0.65067,207.78723,37,0.14452,0.19909,0.08263
2,0.65067,207.78723,38,0.22595,0.28217,0.08421
2,0.65067,207.78723,39,0.16568,0.26408,0.1689
2,0.65067,207.78723,40,-0.00536,0.1495,0.26934
2,0.65067,207.78723,41,0.09004,0.15906,0.20887
2,0.65067,207.78723,42,0.04442,0.03878,0.13484
2,0.65067,207.78723,43,0.05549,-0.07798,0.26328
2,0.65067,207.78723,44,0.02692,-0.30022,0.10464
2,0.65067,207.78723,45,0.07612,-0.38815,0.10596
2,0.65067,207.78723,46,0.08569,-0.14992,0.08346
2,0.65067,207.78723,47,-0.10908,-0.09335,0.0949
2,0.65067,207.78723,48,-0.16917,-0.37424,0.09977
2,0.65067,207.78723,49,-0.10328,-0.20431,0.05673
2,0.65067,207.78723,50,0.01627,-0.14741,0.32391
2,0.65067,207.78723,51,0.09925,-0.23974,0.43003
2,0.65067,207.78723,52,0.1017,-0.12217,0.51985
2,0.65067,207.78723,53,0.08701,-0.0004,0.52588
2,0.65067,207.78723,54,0.06416,0.08239,0.50885
3,0.56525,211.08381,1,0.36979,0.09156,0.823
3,0.56525,211.08381,2,0.28015,0.05726,0.64764
3,0.56525,211.08381,3,0.09521,-0.04999,0.58105
3,0.56525,211.08381,4,0.09224,-0.04001,0.39379
3,0.56525,211.08381,5,0.10072,-0.13868,0.21108
3,0.56525,211.08381,6,0.18354,-0.20462,0.14611
3,0.56525,211.08381,7,0.30478,-0.0572,0.17623
3,0.56525,211.08381,8,0.20008,0.02672,0.31737
3,0.56525,211.08381,9,0.09029,-0.05439,0.38268
3,0.56525,211.08381,10,0.12816,-0.06127,0.31836
3,0.56525,211.08381,11,0.08076,-0.15578,0.34167
3,0.56525,211.08381,12,-0.04556,-0.19706,0.34741
3,0.56525,211.08381,13,0.05217,-0.21073,0.44573
3,0.56525,211.08381,14,0.12851,-0.13005,0.58772
3,0.56525,211.08381,15,-0.03096,0.03468,0.63728
3,0.56525,211.08381,16,-0.01243,0.02607,0.68863
3,0.56525,211.08381,17,-0.04071,0.29433,0.67371
3,0.56525,211.08381,18,-0.03925,0.17934,0.67229
3,0.56525,211.08381,19,-0.1815,0.088,0.50722
3,0.56525,211.08381,20,-0.04561,0.15439,0.64338
3,0.56525,211.08381,21,-0.03076,0.26751,0.64427
3,0.56525,211.08381,22,0.14558,0.09752,0.67503
3,0.56525,211.08381,23,0.27535,0.03504,0.49345
3,0.56525,211.08381,24,0.37271,0.00314,0.33285
3,0.56525,211.08381,25,0.27037,0.04132,0.21191
3,0.56525,211.08381,26,0.41642,0.1856,0.1693
3,0.56525,211.08381,27,0.25182,0.0656,0.23104
3,0.56525,211.08381,28,0.12137,0.22161,0.11563
3,0.56525,211.08381,29,0.06571,0.19207,0.12127
3,0.56525,211.08381,30,-0.00212,0.34467,0.22684
3,0.56525,211.08381,31,0.00779,0.37181,0.2393
3,0.56525,211.08381,32,-0.04817,0.353,0.18366
3,0.56525,211.08381,33,0.11338,0.41848,0.25157
3,0.56525,211.08381,34,0.09103,0.38297,0.17902
3,0.56525,211.08381,35,0.21963,0.21391,0.16704
3,0.56525,211.08381,36,0.19212,0.22225,0.10307
3,0.56525,211.08381,37,0.14391,0.20074,0.08263
3,0.56525,211.08381,38,0.22535,0.28379,0.08421
3,0.56525,211.08381,39,0.16507,0.26569,0.1689
3,0.56525,211.08381,40,-0.00597,0.1511,0.26934
3,0.56525,211.08381,41,0.08943,0.16066,0.20887
3,0.56525,211.08381,42,0.04382,0.04037,0.13484
3,0.56525,211.08381,43,0.05489,-0.0764,0.26328
3,0.56525,211.08381,44,-0.06516,0.07848,0.16113
3,0.56525,211.08381,45,-0.11637,0.02911,0.10628
3,0.56525,211.08381,46,-0.12285,-0.09576,0.08288
3,0.56525,211.08381,47,-0.2339,-0.26751,0.14056
3,0.56525,211.08381,48,-0.10235,-0.21212,0.15331
3,0.56525,211.08381,49,-0.08562,-0.32182,0.12638
3,0.56525,211.08381,50,-0.06603,-0.29922,0.21943
3,0.56525,211.08381,51,0.05407,-0.17592,0.27014
3,0.56525,211.08381,52,-0.01798,-0.24646,0.22284
3,0.56525,211.08381,53,-0.37482,-0.38346,0.1904
3,0.56525,211.08381,54,-0.34718,-0.2313,0.25717
4,0.98916,225.54948,1,0.36984,0.09164,0.75874
4,0.98916,225.54948,2,0.28033,0.05753,0.58447
4,0.98916,225.54948,3,0.09551,-0.04953,0.519
4,0.98916,225.54948,4,0.09266,-0.03938,0.3329
4,0.98916,225.54948,5,0.10125,-0.13787,0.15138
4,0.98916,225.54948,6,0.184,-0.20394,0.21954
4,0.98916,225.54948,7,0.3053,-0.05642,0.24895
4,0.98916,225.54948,8,0.20065,0.02759,0.38948
4,0.98916,225.54948,9,0.09091,-0.05344,0.45425
4,0.98916,225.54948,10,0.12883,-0.06025,0.38949
4,0.98916,225.54948,11,0.08148,-0.15469,0.41241
4,0.98916,225.54948,12,-0.04482,-0.19593,0.41783
4,0.98916,225.54948,13,0.05293,-0.20958,0.51587
4,0.98916,225.54948,14,0.12927,-0.1289,0.65759
4,0.98916,225.54948,15,-0.03021,0.0358,0.70689
4,0.98916,225.54948,16,-0.01172,0.02715,0.75793
4,0.98916,225.54948,17,-0.04004,0.29534,0.74268
4,0.98916,225.54948,18,-0.03863,0.18028,0.74084
4,0.98916,225.54948,19,-0.18094,0.08885,0.57531
4,0.98916,225.54948,20,-0.0451,0.15515,0.71093
4,0.98916,225.54948,21,-0.03031,0.26818,0.71122
4,0.98916,225.54948,22,0.14597,0.09811,0.74132
4,0.98916,225.54948,23,0.27568,0.03554,0.55901
4,0.98916,225.54948,24,0.37298,0.00355,0.39763
4,0.98916,225.54948,25,0.27059,0.04165,0.27585
4,0.98916,225.54948,26,0.41635,0.18699,0.23213
4,0.98916,225.54948,27,0.25161,0.06692,0.29298
4,0.98916,225.54948,28,0.11961,0.22247,0.10836
4,0.98916,225.54948,29,0.06572,0.19306,0.11392
4,0.98916,225.54948,30,-0.00212,0.34565,0.21953
4,0.98916,225.54948,31,0.00778,0.37278,0.23203
4,0.98916,225.54948,32,-0.04818,0.35397,0.17642
4,0.98916,225.54948,33,0.11408,0.41848,0.24553
4,0.98916,225.54948,34,0.09172,0.38297,0.17302
4,0.98916,225.54948,35,0.22032,0.21392,0.16108
4,0.98916,225.54948,36,0.19253,0.22254,0.11513
4,0.98916,225.54948,37,0.14435,0.20021,0.08263
4,0.98916,225.54948,38,0.22578,0.28327,0.08421
4,0.98916,225.54948,39,0.16551,0.26517,0.1689
4,0.98916,225.54948,40,-0.00553,0.15058,0.26934
4,0.98916,225.54948,41,0.08987,0.16014,0.20887
4,0.98916,225.54948,42,0.04425,0.03985,0.13484
4,0.98916,225.54948,43,0.05532,-0.07692,0.26328
4,0.98916,225.54948,44,-0.06473,0.07797,0.16113
4,0.98916,225.54948,45,-0.11596,0.02861,0.11367
4,0.98916,225.54948,46,-0.12257,-0.09638,0.09008
4,0.98916,225.54948,47,0.07134,-0.11278,0.09502
4,0.98916,225.54948,48,0.01612,-0.2193,0.27896
4,0.98916,225.54948,49,0.10381,-0.31377,0.26597
4,0.98916,225.54948,50,0.10519,-0.30741,0.2983
4,0.98916,225.54948,51,-0.00411,-0.24715,0.12998
4,0.98916,225.54948,52,0.0248,-0.22565,0.13639
4,0.98916,225.54948,53,0.11312,-0.34,0.11612
4,0.98916,225.54948,54,-0.04113,-0.38293,0.25448
5,0.93478,226.3246,1,0.36984,0.09163,0.76697
5,0.93478,226.3246,2,0.28031,0.0575,0.59254
5,0.93478,226.3246,3,0.09547,-0.04959,0.52692
5,0.93478,226.3246,4,0.0926,-0.03946,0.34065
5,0.93478,226.3246,5,0.10118,-0.13798,0.15896
5,0.93478,226.3246,6,0.18394,-0.20403,0.20878
5,0.93478,226.3246,7,0.30523,-0.05653,0.23832
5,0.93478,226.3246,8,0.20058,0.02747,0.37896
5,0.93478,226.3246,9,0.09083,-0.05357,0.44384
5,0.93478,226.3246,10,0.12874,-0.06039,0.37916
5,0.93478,226.3246,11,0.08138,-0.15485,0.40217
5,0.93478,226.3246,12,-0.04493,-0.1961,0.40765
5,0.93478,226.3246,13,0.05282,-0.20975,0.50574
5,0.93478,226.3246,14,0.12915,-0.12908,0.64751
5,0.93478,226.3246,15,-0.03033,0.03561,0.69684
5,0.93478,226.3246,16,-0.01184,0.02696,0.74792
5,0.93478,226.3246,17,-0.04016,0.29516,0.7327
5,0.93478,226.3246,18,-0.03875,0.1801,0.7309
5,0.93478,226.3246,19,-0.18105,0.08868,0.56542
5,0.93478,226.3246,20,-0.04521,0.155,0.70109
5,0.93478,226.3246,21,-0.0304,0.26804,0.70145
5,0.93478,226.3246,22,0.14588,0.09797,0.73162
5,0.93478,226.3246,23,0.2756,0.03542,0.5494
5,0.93478,226.3246,24,0.37291,0.00344,0.38811
5,0.93478,226.3246,25,0.27052,0.04155,0.26643
5,0.93478,226.3246,26,0.41636,0.18667,0.22288
5,0.93478,226.3246,27,0.25164,0.06661,0.28384
5,0.93478,226.3246,28,0.11966,0.22218,0.10333
5,0.93478,226.3246,29,0.06574,0.19285,0.14076
5,0.93478,226.3246,30,-0.00206,0.34546,0.24621
5,0.93478,226.3246,31,0.00787,0.37261,0.25857
5,0.93478,226.3246,32,-0.04807,0.35381,0.20284
5,0.93478,226.3246,33,0.11252,0.41848,0.26861
5,0.93478,226.3246,34,0.09017,0.38297,0.19599
5,0.93478,226.3246,35,0.21876,0.2139,0.18392
5,0.93478,226.3246,36,0.19151,0.21807,0.10318
5,0.93478,226.3246,37,0.14312,0.20102,0.08263
5,0.93478,226.3246,38,0.22458,0.28507,0.08421
5,0.93478,226.3246,39,0.16431,0.26696,0.1689
5,0.93478,226.3246,40,-0.00673,0.15236,0.26934
5,0.93478,226.3246,41,0.08867,0.16191,0.20887
5,0.93478,226.3246,42,0.04306,0.04162,0.13484
5,0.93478,226.3246,43,0.05413,-0.07516,0.26328
5,0.93478,226.3246,44,-0.06591,0.07972,0.16113
5,0.93478,226.3246,45,-0.11712,0.0303,0.11272
5,0.93478,226.3246,46,-0.12372,-0.09477,0.08796
5,0.93478,226.3246,47,0.0702,-0.11117,0.0929
5,0.93478,226.3246,48,0.01497,-0.21771,0.27686
5,0.93478,226.3246,49,0.10267,-0.31218,0.26387
5,0.93478,226.3246,50,0.10405,-0.30583,0.29622
5,0.93478,226.3246,51,-0.00523,-0.24558,0.12791
5,0.93478,226.3246,52,0.02368,-0.22408,0.13432
5,0.93478,226.3246,53,-0.16106,-0.24606,0.1171
5,0.93478,226.3246,54,-0.11792,-0.25157,0.09965
6,0.96145,229.80502,1,0.36984,0.09163,0.76293
6,0.96145,229.80502,2,0.28032,0.05751,0.58858
6,0.96145,229.80502,3,0.09549,-0.04956,0.52303
6,0.96145,229.80502,4,0.09263,-0.03942,0.33685
6,0.96145,229.80502,5,0.10121,-0.13793,0.15524
6,0.96145,229.80502,6,0.18397,-0.20398,0.214
6,0.96145,229.80502,7,0.30526,-0.05648,0.24349
6,0.96145,229.80502,8,0.20061,0.02753,0.38408
6,0.96145,229.80502,9,0.09087,-0.05351,0.4489
6,0.96145,229.80502,10,0.12878,-0.06032,0.38418
6,0.96145,229.80502,11,0.08143,-0.15477,0.40715
6,0.96145,229.80502,12,-0.04487,-0.19602,0.4126
6,0.96145,229.80502,13,0.05287,-0.20967,0.51067
6,0.96145,229.80502,14,0.12921,-0.129,0.65242
6,0.96145,229.80502,15,-0.03027,0.03571,0.70173
6,0.96145,229.80502,16,-0.01178,0.02705,0.75279
6,0.96145,229.80502,17,-0.0401,0.29525,0.73755
6,0.96145,229.80502,18,-0.03869,0.18019,0.73574
6,0.96145,229.80502,19,-0.181,0.08876,0.57023
6,0.96145,229.80502,20,-0.04516,0.15507,0.70588
6,0.96145,229.80502,21,-0.03036,0.26811,0.7062
6,0.96145,229.80502,22,0.14593,0.09803,0.73634
6,0.96145,229.80502,23,0.27564,0.03547,0.55407
6,0.96145,229.80502,24,0.37294,0.00349,0.39274
6,0.96145,229.80502,25,0.27055,0.0416,0.27101
6,0.96145,229.80502,26,0.41636,0.18682,0.22737
6,0.96145,229.80502,27,0.25162,0.06675,0.28828
6,0.96145,229.80502,28,0.11963,0.22232,0.10692
6,0.96145,229.80502,29,0.06574,0.19295,0.13803
6,0.96145,229.80502,30,-0.00207,0.34556,0.24349
6,0.96145,229.80502,31,0.00786,0.3727,0.25587
6,0.96145,229.80502,32,-0.04809,0.3539,0.20015
6,0.96145,229.80502,33,0.11272,0.41848,0.2662
6,0.96145,229.80502,34,0.09037,0.38297,0.19359
6,0.96145,229.80502,35,0.21896,0.2139,0.18153
6,0.96145,229.80502,36,0.19165,0.21904,0.10467
6,0.96145,229.80502,37,0.14329,0.2016,0.08263
6,0.96145,229.80502,38,0.22473,0.28497,0.08421
6,0.96145,229.80502,39,0.16446,0.26685,0.1689
6,0.96145,229.80502,40,-0.00658,0.15226,0.26934
6,0.96145,229.80502,41,0.08883,0.16181,0.20887
6,0.96145,229.80502,42,0.05207,0.07152,0.1713
6,0.96145,229.80502,43,0.06273,-0.00798,0.18433
6,0.96145,229.80502,44,-0.00694,-0.17449,0.16799
6,0.96145,229.80502,45,-0.12135,-0.1103,0.10971
6,0.96145,229.80502,46,-0.06907,0.05193,0.19651
6,0.96145,229.80502,47,0.01703,-0.03779,0.23126
6,0.96145,229.80502,48,-3.0e-5,-0.11025,0.20315
6,0.96145,229.80502,49,-0.05151,-0.19893,0.09512
6,0.96145,229.80502,50,-0.06743,-0.19448,0.11488
6,0.96145,229.80502,51,-0.02847,-0.13498,0.07752
6,0.96145,229.80502,52,-0.0963,-0.09845,0.18064
6,0.96145,229.80502,53,-0.23325,-0.08716,0.3724
6,0.96145,229.80502,54,-0.2184,-0.1613,0.41762
7,0.94261,227.84643,1,0.36984,0.09163,0.76579
7,0.94261,227.84643,2,0.28031,0.0575,0.59138
7,0.94261,227.84643,3,0.09548,-0.04958,0.52578
7,0.94261,227.84643,4,0.09261,-0.03945,0.33954
7,0.94261,227.84643,5,0.10119,-0.13796,0.15787
7,0.94261,227.84643,6,0.18395,-0.20401,0.2103
7,0.94261,227.84643,7,0.30524,-0.05651,0.23983
7,0.94261,227.84643,8,0.20059,0.02749,0.38046
7,0.94261,227.84643,9,0.09084,-0.05355,0.44532
7,0.94261,227.84643,10,0.12875,-0.06037,0.38063
7,0.94261,227.84643,11,0.08139,-0.15483,0.40362
7,0.94261,227.84643,12,-0.04491,-0.19607,0.4091
7,0.94261,227.84643,13,0.05283,-0.20973,0.50718
7,0.94261,227.84643,14,0.12917,-0.12906,0.64894
7,0.94261,227.84643,15,-0.03032,0.03564,0.69827
7,0.94261,227.84643,16,-0.01182,0.02699,0.74935
7,0.94261,227.84643,17,-0.04014,0.29518,0.73412
7,0.94261,227.84643,18,-0.03873,0.18013,0.73232
7,0.94261,227.84643,19,-0.18103,0.08871,0.56682
7,0.94261,227.84643,20,-0.04519,0.15502,0.70249
7,0.94261,227.84643,21,-0.03039,0.26806,0.70284
7,0.94261,227.84643,22,0.1459,0.09799,0.733
7,0.94261,227.84643,23,0.27561,0.03543,0.55076
7,0.94261,227.84643,24,0.37292,0.00346,0.38946
7,0.94261,227.84643,25,0.27053,0.04156,0.26777
7,0.94261,227.84643,26,0.41636,0.18672,0.22419
7,0.94261,227.84643,27,0.25163,0.06665,0.28513
7,0.94261,227.84643,28,0.11965,0.22222,0.10438
7,0.94261,227.84643,29,0.06574,0.19288,0.13998
7,0.94261,227.84643,30,-0.00206,0.34549,0.24543
7,0.94261,227.84643,31,0.00787,0.37264,0.2578
7,0.94261,227.84643,32,-0.04808,0.35383,0.20207
7,0.94261,227.84643,33,0.11257,0.41848,0.26792
7,0.94261,227.84643,34,0.09022,0.38297,0.1953
7,0.94261,227.84643,35,0.21882,0.2139,0.18323
7,0.94261,227.84643,36,0.19155,0.21835,0.1036
7,0.94261,227.84643,37,0.14317,0.20118,0.08263
7,0.94261,227.84643,38,0.22462,0.28504,0.08421
7,0.94261,227.84643,39,0.16435,0.26693,0.1689
7,0.94261,227.84643,40,-0.00669,0.15234,0.26934
7,0.94261,227.84643,41,0.08872,0.16189,0.20887
7,0.94261,227.84643,42,0.0431,0.04159,0.13484
7,0.94261,227.84643,43,0.05417,-0.07519,0.26328
7,0.94261,227.84643,44,-0.06587,0.07969,0.16113
7,0.94261,227.84643,45,-0.11708,0.03027,0.11286
7,0.94261,227.84643,46,-0.12368,-0.09479,0.08827
7,0.94261,227.84643,47,0.07024,-0.1112,0.09321
7,0.94261,227.84643,48,0.01502,-0.21774,0.27717
7,0.94261,227.84643,49,0.10271,-0.3122,0.26418
7,0.94261,227.84643,50,0.10409,-0.30585,0.29652
7,0.94261,227.84643,51,-0.00519,-0.2456,0.12821
7,0.94261,227.84643,52,0.02372,-0.2241,0.13462
7,0.94261,227.84643,53,-0.06099,-0.22704,0.11022
7,0.94261,227.84643,54,-0.11725,-0.19795,0.10956
8,0.81208,223.76809,1,0.36982,0.0916,0.78556
8,0.81208,223.76809,2,0.28026,0.05742,0.6108
8,0.81208,223.76809,3,0.09539,-0.04972,0.54483
8,0.81208,223.76809,4,0.09248,-0.03964,0.35821
8,0.81208,223.76809,5,0.10102,-0.13821,0.17616
8,0.81208,223.76809,6,0.1838,-0.20423,0.18593
8,0.81208,223.76809,7,0.30508,-0.05676,0.21572
8,0.81208,223.76809,8,0.2004,0.02721,0.35658
8,0.81208,223.76809,9,0.09064,-0.05386,0.42165
8,0.81208,223.76809,10,0.12853,-0.0607,0.35713
8,0.81208,223.76809,11,0.08116,-0.15518,0.38027
8,0.81208,223.76809,12,-0.04516,-0.19645,0.38587
8,0.81208,223.76809,13,0.05257,-0.21012,0.48406
8,0.81208,223.76809,14,0.1289,-0.12947,0.62591
8,0.81208,223.76809,15,-0.03059,0.03523,0.67531
8,0.81208,223.76809,16,-0.01209,0.02659,0.72646
8,0.81208,223.76809,17,-0.0404,0.2948,0.71133
8,0.81208,223.76809,18,-0.03897,0.17977,0.70963
8,0.81208,223.76809,19,-0.18125,0.08837,0.54427
8,0.81208,223.76809,20,-0.0454,0.15471,0.68009
8,0.81208,223.76809,21,-0.03057,0.26778,0.68061
8,0.81208,223.76809,22,0.14573,0.09774,0.71097
8,0.81208,223.76809,23,0.27547,0.03522,0.52895
8,0.81208,223.76809,24,0.37279,0.00327,0.36789
8,0.81208,223.76809,25,0.27043,0.04141,0.24645
8,0.81208,223.76809,26,0.41638,0.18614,0.20323
8,0.81208,223.76809,27,0.25171,0.0661,0.26445
8,0.81208,223.76809,28,0.12049,0.22188,0.1138
8,0.81208,223.76809,29,0.06572,0.19247,0.13439
8,0.81208,223.76809,30,-0.00209,0.34508,0.23988
8,0.81208,223.76809,31,0.00783,0.37222,0.25227
8,0.81208,223.76809,32,-0.04812,0.35342,0.19657
8,0.81208,223.76809,33,0.11275,0.41848,0.26296
8,0.81208,223.76809,34,0.0904,0.38297,0.19036
8,0.81208,223.76809,35,0.21899,0.2139,0.17832
8,0.81208,223.76809,36,0.19168,0.21963,0.10383
8,0.81208,223.76809,37,0.14337,0.20167,0.08263
8,0.81208,223.76809,38,0.2248,0.2847,0.08421
8,0.81208,223.76809,39,0.16453,0.26659,0.1689
8,0.81208,223.76809,40,-0.00651,0.152,0.26934
8,0.81208,223.76809,41,0.0889,0.16155,0.20887
8,0.81208,223.76809,42,0.04328,0.04125,0.13484
8,0.81208,223.76809,43,0.05435,-0.07552,0.26328
8,0.81208,223.76809,44,-0.06569,0.07936,0.16113
8,0.81208,223.76809,45,-0.1169,0.02996,0.11058
8,0.81208,223.76809,46,-0.1235,-0.0951,0.08316
8,0.81208,223.76809,47,-0.23455,-0.26685,0.14084
8,0.81208,223.76809,48,-0.10299,-0.21147,0.15359
8,0.81208,223.76809,49,-0.08626,-0.32117,0.12666
8,0.81208,223.76809,50,-0.06668,-0.29858,0.2197
8,0.81208,223.76809,51,0.05343,-0.17528,0.27042
8,0.81208,223.76809,52,-0.01862,-0.24582,0.22311
8,0.81208,223.76809,53,-0.17334,-0.2,0.10477
8,0.81208,223.76809,54,-0.19664,-0.24677,0.28526
9,0.87677,221.72091,1,0.36983,0.09162,0.77576
9,0.87677,221.72091,2,0.28028,0.05746,0.60117
9,0.87677,221.72091,3,0.09543,-0.04965,0.53538
9,0.87677,221.72091,4,0.09255,-0.03955,0.34894
9,0.87677,221.72091,5,0.10111,-0.13809,0.16708
9,0.87677,221.72091,6,0.18387,-0.20412,0.19773
9,0.87677,221.72091,7,0.30516,-0.05664,0.22739
9,0.87677,221.72091,8,0.20049,0.02735,0.36815
9,0.87677,221.72091,9,0.09074,-0.05371,0.43312
9,0.87677,221.72091,10,0.12864,-0.06054,0.36852
9,0.87677,221.72091,11,0.08127,-0.15501,0.3916
9,0.87677,221.72091,12,-0.04504,-0.19627,0.39714
9,0.87677,221.72091,13,0.0527,-0.20993,0.49528
9,0.87677,221.72091,14,0.12902,-0.12927,0.63709
9,0.87677,221.72091,15,-0.03046,0.03543,0.68646
9,0.87677,221.72091,16,-0.01196,0.02677,0.73758
9,0.87677,221.72091,17,-0.04028,0.29498,0.72239
9,0.87677,221.72091,18,-0.03886,0.17993,0.72064
9,0.87677,221.72091,19,-0.18115,0.08852,0.55521
9,0.87677,221.72091,20,-0.0453,0.15485,0.69095
9,0.87677,221.72091,21,-0.03049,0.26791,0.69138
9,0.87677,221.72091,22,0.1458,0.09785,0.72164
9,0.87677,221.72091,23,0.27553,0.03531,0.53951
9,0.87677,221.72091,24,0.37285,0.00335,0.37833
9,0.87677,221.72091,25,0.27047,0.04147,0.25676
9,0.87677,221.72091,26,0.41637,0.18639,0.21337
9,0.87677,221.72091,27,0.25167,0.06634,0.27445
9,0.87677,221.72091,28,0.11971,0.22194,0.09569
9,0.87677,221.72091,29,0.06576,0.19266,0.14602
9,0.87677,221.72091,30,-0.00204,0.34528,0.25143
9,0.87677,221.72091,31,0.0079,0.37243,0.26375
9,0.87677,221.72091,32,-0.04804,0.35363,0.20799
9,0.87677,221.72091,33,0.11214,0.41848,0.27328
9,0.87677,221.72091,34,0.0898,0.38297,0.20063
9,0.87677,221.72091,35,0.21839,0.2139,0.18854
9,0.87677,221.72091,36,0.19123,0.21623,0.1004
9,0.87677,221.72091,37,0.14283,0.19988,0.08263
9,0.87677,221.72091,38,0.22425,0.28497,0.08421
9,0.87677,221.72091,39,0.16398,0.26686,0.1689
9,0.87677,221.72091,40,-0.00705,0.15227,0.26934
9,0.87677,221.72091,41,0.08835,0.16182,0.20887
9,0.87677,221.72091,42,0.04274,0.04152,0.13484
9,0.87677,221.72091,43,0.05381,-0.07526,0.26328
9,0.87677,221.72091,44,-0.06623,0.07962,0.16113
9,0.87677,221.72091,45,-0.11742,0.0303,0.11171
9,0.87677,221.72091,46,-0.124,-0.09465,0.08569
9,0.87677,221.72091,47,0.06999,-0.11097,0.09109
9,0.87677,221.72091,48,0.01507,-0.21718,0.27686
9,0.87677,221.72091,49,0.10277,-0.31165,0.26387
9,0.87677,221.72091,50,0.10414,-0.3053,0.29622
9,0.87677,221.72091,51,-0.00514,-0.24505,0.1279
9,0.87677,221.72091,52,0.02377,-0.22356,0.13432
9,0.87677,221.72091,53,0.05867,-0.1655,0.16795
9,0.87677,221.72091,54,0.18608,-0.38369,0.11714
10,0.92526,230.44831,1,0.36983,0.09163,0.76841
10,0.92526,230.44831,2,0.2803,0.05749,0.59396
10,0.92526,230.44831,3,0.09547,-0.0496,0.52831
10,0.92526,230.44831,4,0.09259,-0.03947,0.34201
10,0.92526,230.44831,5,0.10117,-0.13799,0.1603
10,0.92526,230.44831,6,0.18393,-0.20404,0.20693
10,0.92526,230.44831,7,0.30522,-0.05655,0.2365
10,0.92526,230.44831,8,0.20056,0.02745,0.37716
10,0.92526,230.44831,9,0.09081,-0.05359,0.44205
10,0.92526,230.44831,10,0.12872,-0.06041,0.37739
10,0.92526,230.44831,11,0.08136,-0.15487,0.40041
10,0.92526,230.44831,12,-0.04495,-0.19613,0.4059
10,0.92526,230.44831,13,0.0528,-0.20978,0.504
10,0.92526,230.44831,14,0.12913,-0.12912,0.64578
10,0.92526,230.44831,15,-0.03036,0.03558,0.69511
10,0.92526,230.44831,16,-0.01186,0.02693,0.7462
10,0.92526,230.44831,17,-0.04018,0.29513,0.73098
10,0.92526,230.44831,18,-0.03877,0.18007,0.72919
10,0.92526,230.44831,19,-0.18107,0.08866,0.56371
10,0.92526,230.44831,20,-0.04522,0.15497,0.6994
10,0.92526,230.44831,21,-0.03042,0.26802,0.69977
10,0.92526,230.44831,22,0.14587,0.09795,0.72996
10,0.92526,230.44831,23,0.27559,0.0354,0.54775
10,0.92526,230.44831,24,0.3729,0.00343,0.38648
10,0.92526,230.44831,25,0.27051,0.04154,0.26482
10,0.92526,230.44831,26,0.41637,0.18662,0.22129
10,0.92526,230.44831,27,0.25164,0.06656,0.28227
10,0.92526,230.44831,28,0.11966,0.22214,0.10206
10,0.92526,230.44831,29,0.06574,0.19282,0.14169
10,0.92526,230.44831,30,-0.00206,0.34543,0.24713
10,0.92526,230.44831,31,0.00788,0.37258,0.25949
10,0.92526,230.44831,32,-0.04807,0.35378,0.20375
10,0.92526,230.44831,33,0.11245,0.41848,0.26943
10,0.92526,230.44831,34,0.0901,0.38297,0.1968
10,0.92526,230.44831,35,0.2187,0.2139,0.18473
10,0.92526,230.44831,36,0.19146,0.21774,0.10268
10,0.92526,230.44831,37,0.14307,0.20082,0.08263
10,0.92526,230.44831,38,0.22453,0.2851,0.08421
10,0.92526,230.44831,39,0.16425,0.26699,0.1689
10,0.92526,230.44831,40,-0.00678,0.1524,0.26934
10,0.92526,230.44831,41,0.08862,0.16195,0.20887
10,0.92526,230.44831,42,0.05187,0.07166,0.1713
10,0.92526,230.44831,43,0.06253,-0.00784,0.18433
10,0.92526,230.44831,44,-0.00714,-0.17435,0.16799
10,0.92526,230.44831,45,-0.12155,-0.11017,0.10923
10,0.92526,230.44831,46,-0.06926,0.05206,0.19506
10,0.92526,230.44831,47,0.01684,-0.03767,0.22982
10,0.92526,230.44831,48,-0.00022,-0.11013,0.20172
10,0.92526,230.44831,49,-0.05169,-0.19881,0.09512
10,0.92526,230.44831,50,-0.06761,-0.19436,0.11488
10,0.92526,230.44831,51,-0.07907,-0.37737,0.14132
10,0.92526,230.44831,52,-0.0174,-0.38353,0.11631
10,0.92526,230.44831,53,0.0451,-0.5864,0.13857
10,0.92526,230.44831,54,0.00494,-0.65403,0.14154
11,0.86014,227.23163,1,0.36983,0.09161,0.77828
11,0.86014,227.23163,2,0.28028,0.05745,0.60364
11,0.86014,227.23163,3,0.09542,-0.04967,0.5378
11,0.86014,227.23163,4,0.09253,-0.03957,0.35132
11,0.86014,227.23163,5,0.10108,-0.13812,0.16941
11,0.86014,227.23163,6,0.18386,-0.20415,0.19464
11,0.86014,227.23163,7,0.30514,-0.05667,0.22434
11,0.86014,227.23163,8,0.20047,0.02731,0.36512
11,0.86014,227.23163,9,0.09071,-0.05375,0.43012
11,0.86014,227.23163,10,0.12861,-0.06058,0.36555
11,0.86014,227.23163,11,0.08124,-0.15505,0.38864
11,0.86014,227.23163,12,-0.04507,-0.19632,0.3942
11,0.86014,227.23163,13,0.05266,-0.20998,0.49235
11,0.86014,227.23163,14,0.12899,-0.12932,0.63417
11,0.86014,227.23163,15,-0.03049,0.03537,0.68355
11,0.86014,227.23163,16,-0.012,0.02672,0.73467
11,0.86014,227.23163,17,-0.04031,0.29493,0.7195
11,0.86014,227.23163,18,-0.03889,0.17989,0.71777
11,0.86014,227.23163,19,-0.18118,0.08848,0.55235
11,0.86014,227.23163,20,-0.04533,0.15481,0.68811
11,0.86014,227.23163,21,-0.03052,0.26787,0.68856
11,0.86014,227.23163,22,0.14578,0.09782,0.71885
11,0.86014,227.23163,23,0.27551,0.03528,0.53675
11,0.86014,227.23163,24,0.37283,0.00333,0.3756
11,0.86014,227.23163,25,0.27046,0.04145,0.25406
11,0.86014,227.23163,26,0.41638,0.18632,0.21072
11,0.86014,227.23163,27,0.25168,0.06627,0.27184
11,0.86014,227.23163,28,0.12046,0.22203,0.11314
11,0.86014,227.23163,29,0.06568,0.19258,0.10606
11,0.86014,227.23163,30,-0.00217,0.34517,0.21171
11,0.86014,227.23163,31,0.00773,0.3723,0.22425
11,0.86014,227.23163,32,-0.04824,0.35349,0.16867
11,0.86014,227.23163,33,0.1142,0.41848,0.23896
11,0.86014,227.23163,34,0.09185,0.38298,0.16648
11,0.86014,227.23163,35,0.22045,0.21393,0.15458
11,0.86014,227.23163,36,0.19268,0.2217,0.11475
11,0.86014,227.23163,37,0.1445,0.19939,0.08263
11,0.86014,227.23163,38,0.22594,0.28247,0.08421
11,0.86014,227.23163,39,0.16566,0.26437,0.1689
11,0.86014,227.23163,40,-0.00538,0.14979,0.26934
11,0.86014,227.23163,41,0.09002,0.15935,0.20887
11,0.86014,227.23163,42,0.05326,0.06908,0.17131
11,0.86014,227.23163,43,0.06392,-0.01041,0.18433
11,0.86014,227.23163,44,-0.00575,-0.1769,0.16799
11,0.86014,227.23163,45,-0.12017,-0.11265,0.10837
11,0.86014,227.23163,46,-0.0679,0.04971,0.19246
11,0.86014,227.23163,47,0.01819,-0.04001,0.22723
11,0.86014,227.23163,48,0.00112,-0.11245,0.19914
11,0.86014,227.23163,49,-0.13996,-0.27253,0.24596
11,0.86014,227.23163,50,-0.29315,-0.2053,0.10076
11,0.86014,227.23163,51,-0.16192,-0.2043,0.08196
11,0.86014,227.23163,52,-0.05602,-0.19401,0.12957
11,0.86014,227.23163,53,-0.11844,-0.18893,0.13816
11,0.86014,227.23163,54,-0.06747,-0.22069,0.06473
12,0.83852,231.01243,1,0.36982,0.09161,0.78155
12,0.83852,231.01243,2,0.28027,0.05743,0.60686
12,0.83852,231.01243,3,0.0954,-0.0497,0.54096
12,0.83852,231.01243,4,0.09251,-0.0396,0.35442
12,0.83852,231.01243,5,0.10106,-0.13816,0.17244
12,0.83852,231.01243,6,0.18383,-0.20418,0.19068
12,0.83852,231.01243,7,0.30511,-0.05671,0.22043
12,0.83852,231.01243,8,0.20044,0.02727,0.36124
12,0.83852,231.01243,9,0.09068,-0.0538,0.42627
12,0.83852,231.01243,10,0.12857,-0.06064,0.36173
12,0.83852,231.01243,11,0.0812,-0.15511,0.38485
12,0.83852,231.01243,12,-0.04511,-0.19638,0.39042
12,0.83852,231.01243,13,0.05262,-0.21005,0.48859
12,0.83852,231.01243,14,0.12895,-0.12939,0.63042
12,0.83852,231.01243,15,-0.03054,0.03531,0.67981
12,0.83852,231.01243,16,-0.01204,0.02666,0.73095
12,0.83852,231.01243,17,-0.04035,0.29487,0.71579
12,0.83852,231.01243,18,-0.03893,0.17983,0.71407
12,0.83852,231.01243,19,-0.18121,0.08843,0.54868
12,0.83852,231.01243,20,-0.04536,0.15477,0.68447
12,0.83852,231.01243,21,-0.03054,0.26783,0.68495
12,0.83852,231.01243,22,0.14576,0.09779,0.71527
12,0.83852,231.01243,23,0.27549,0.03525,0.53321
12,0.83852,231.01243,24,0.37281,0.0033,0.3721
12,0.83852,231.01243,25,0.27044,0.04143,0.25061
12,0.83852,231.01243,26,0.41638,0.18624,0.20732
12,0.83852,231.01243,27,0.25169,0.06619,0.26848
12,0.83852,231.01243,28,0.12048,0.22196,0.11561
12,0.83852,231.01243,29,0.06571,0.19253,0.12867
12,0.83852,231.01243,30,-0.00212,0.34513,0.2342
12,0.83852,231.01243,31,0.0078,0.37227,0.24663
12,0.83852,231.01243,32,-0.04815,0.35347,0.19095
12,0.83852,231.01243,33,0.1131,0.41848,0.25799
12,0.83852,231.01243,34,0.09075,0.38297,0.18542
12,0.83852,231.01243,35,0.21935,0.2139,0.1734
12,0.83852,231.01243,36,0.1919,0.22147,0.1063
12,0.83852,231.01243,37,0.14364,0.20133,0.08263
12,0.83852,231.01243,38,0.22508,0.28437,0.08421
12,0.83852,231.01243,39,0.16481,0.26626,0.1689
12,0.83852,231.01243,40,-0.00623,0.15167,0.26934
12,0.83852,231.01243,41,0.08917,0.16122,0.20887
12,0.83852,231.01243,42,0.05241,0.07094,0.1713
12,0.83852,231.01243,43,0.06307,-0.00856,0.18433
12,0.83852,231.01243,44,-0.0066,-0.17506,0.16799
12,0.83852,231.01243,45,-0.12101,-0.11086,0.10808
12,0.83852,231.01243,46,-0.06874,0.0514,0.19161
12,0.83852,231.01243,47,0.01736,-0.03832,0.22638
12,0.83852,231.01243,48,0.00029,-0.11078,0.19829
12,0.83852,231.01243,49,-0.05123,-0.1995,0.09604
12,0.83852,231.01243,50,-0.0671,-0.19498,0.11416
12,0.83852,231.01243,51,-0.07856,-0.37799,0.14061
12,0.83852,231.01243,52,-0.01682,-0.38365,0.1157
12,0.83852,231.01243,53,-0.06959,-0.3379,0.06546
12,0.83852,231.01243,54,-0.1801,-0.2256,0.09126
13,0.72169,218.73509,1,0.36981,0.09159,0.79926
13,0.72169,218.73509,2,0.28022,0.05736,0.62427
13,0.72169,218.73509,3,0.09532,-0.04982,0.55806
13,0.72169,218.73509,4,0.09239,-0.03978,0.3712
13,0.72169,218.73509,5,0.10091,-0.13838,0.18889
13,0.72169,218.73509,6,0.18371,-0.20437,0.17039
13,0.72169,218.73509,7,0.30497,-0.05692,0.20032
13,0.72169,218.73509,8,0.20028,0.02703,0.34131
13,0.72169,218.73509,9,0.0905,-0.05406,0.40648
13,0.72169,218.73509,10,0.12839,-0.06092,0.34205
13,0.72169,218.73509,11,0.081,-0.15542,0.36527
13,0.72169,218.73509,12,-0.04532,-0.1967,0.37093
13,0.72169,218.73509,13,0.05241,-0.21037,0.46917
13,0.72169,218.73509,14,0.12873,-0.12971,0.61107
13,0.72169,218.73509,15,-0.03074,0.035,0.66052
13,0.72169,218.73509,16,-0.01224,0.02636,0.71174
13,0.72169,218.73509,17,-0.04053,0.29459,0.69668
13,0.72169,218.73509,18,-0.0391,0.17958,0.69508
13,0.72169,218.73509,19,-0.18137,0.0882,0.52982
13,0.72169,218.73509,20,-0.0455,0.15456,0.66575
13,0.72169,218.73509,21,-0.03066,0.26765,0.66641
13,0.72169,218.73509,22,0.14566,0.09763,0.69691
13,0.72169,218.73509,23,0.2754,0.03512,0.51505
13,0.72169,218.73509,24,0.37274,0.00319,0.35416
13,0.72169,218.73509,25,0.27039,0.04135,0.23291
13,0.72169,218.73509,26,0.4164,0.18588,0.18992
13,0.72169,218.73509,27,0.25175,0.06586,0.25133
13,0.72169,218.73509,28,0.12056,0.22166,0.10457
13,0.72169,218.73509,29,0.06574,0.19229,0.13816
13,0.72169,218.73509,30,-0.00206,0.34491,0.24363
13,0.72169,218.73509,31,0.00787,0.37205,0.256
13,0.72169,218.73509,32,-0.04808,0.35325,0.20028
13,0.72169,218.73509,33,0.11247,0.41848,0.26626
13,0.72169,218.73509,34,0.09012,0.38297,0.19364
13,0.72169,218.73509,35,0.21872,0.2139,0.18159
13,0.72169,218.73509,36,0.19149,0.21816,0.10122
13,0.72169,218.73509,37,0.14315,0.20159,0.08263
13,0.72169,218.73509,38,0.2246,0.28487,0.08421
13,0.72169,218.73509,39,0.16433,0.26676,0.1689
13,0.72169,218.73509,40,-0.00671,0.15216,0.26934
13,0.72169,218.73509,41,0.0887,0.16172,0.20887
13,0.72169,218.73509,42,0.04308,0.04142,0.13484
13,0.72169,218.73509,43,0.05415,-0.07536,0.26328
13,0.72169,218.73509,44,-0.06589,0.07952,0.16113
13,0.72169,218.73509,45,-0.1171,0.03011,0.109
13,0.72169,218.73509,46,-0.12356,-0.0948,0.08288
13,0.72169,218.73509,47,-0.23461,-0.26656,0.14056
13,0.72169,218.73509,48,-0.10306,-0.21117,0.15331
13,0.72169,218.73509,49,-0.08633,-0.32088,0.12638
13,0.72169,218.73509,50,-0.06674,-0.29829,0.21943
13,0.72169,218.73509,51,-0.20097,-0.38949,0.1869
13,0.72169,218.73509,52,-0.25305,-0.41507,0.22777
13,0.72169,218.73509,53,-0.15972,-0.35193,0.10472
13,0.72169,218.73509,54,-0.34095,-0.33384,0.06326
14,0.94138,232.098,1,0.36984,0.09163,0.76597
14,0.94138,232.098,2,0.28031,0.0575,0.59156
14,0.94138,232.098,3,0.09548,-0.04958,0.52596
14,0.94138,232.098,4,0.09261,-0.03945,0.33971
14,0.94138,232.098,5,0.10119,-0.13796,0.15804
14,0.94138,232.098,6,0.18394,-0.20402,0.21006
14,0.94138,232.098,7,0.30524,-0.05651,0.23959
14,0.94138,232.098,8,0.20058,0.02748,0.38022
14,0.94138,232.098,9,0.09084,-0.05356,0.44508
14,0.94138,232.098,10,0.12875,-0.06037,0.3804
14,0.94138,232.098,11,0.08139,-0.15483,0.40339
14,0.94138,232.098,12,-0.04491,-0.19608,0.40887
14,0.94138,232.098,13,0.05283,-0.20973,0.50695
14,0.94138,232.098,14,0.12916,-0.12906,0.64872
14,0.94138,232.098,15,-0.03032,0.03564,0.69805
14,0.94138,232.098,16,-0.01183,0.02698,0.74912
14,0.94138,232.098,17,-0.04015,0.29518,0.73389
14,0.94138,232.098,18,-0.03874,0.18012,0.73209
14,0.94138,232.098,19,-0.18104,0.0887,0.5666
14,0.94138,232.098,20,-0.0452,0.15502,0.70227
14,0.94138,232.098,21,-0.03039,0.26806,0.70262
14,0.94138,232.098,22,0.14589,0.09799,0.73278
14,0.94138,232.098,23,0.27561,0.03543,0.55055
14,0.94138,232.098,24,0.37292,0.00346,0.38925
14,0.94138,232.098,25,0.27053,0.04156,0.26756
14,0.94138,232.098,26,0.41636,0.18671,0.22398
14,0.94138,232.098,27,0.25163,0.06664,0.28493
14,0.94138,232.098,28,0.11965,0.22222,0.10422
14,0.94138,232.098,29,0.06574,0.19288,0.14011
14,0.94138,232.098,30,-0.00206,0.34549,0.24556
14,0.94138,232.098,31,0.00787,0.37263,0.25792
14,0.94138,232.098,32,-0.04807,0.35383,0.20219
14,0.94138,232.098,33,0.11256,0.41848,0.26803
14,0.94138,232.098,34,0.09022,0.38297,0.19541
14,0.94138,232.098,35,0.21881,0.2139,0.18334
14,0.94138,232.098,36,0.19154,0.2183,0.10354
14,0.94138,232.098,37,0.14316,0.20116,0.08263
14,0.94138,232.098,38,0.22461,0.28505,0.08421
14,0.94138,232.098,39,0.16434,0.26693,0.1689
14,0.94138,232.098,40,-0.0067,0.15234,0.26934
14,0.94138,232.098,41,0.08871,0.16189,0.20887
14,0.94138,232.098,42,0.05196,0.0716,0.1713
14,0.94138,232.098,43,0.06261,-0.0079,0.18433
14,0.94138,232.098,44,-0.00705,-0.17441,0.16799
14,0.94138,232.098,45,-0.12146,-0.11023,0.10945
14,0.94138,232.098,46,-0.06918,0.052,0.19571
14,0.94138,232.098,47,0.01692,-0.03772,0.23046
14,0.94138,232.098,48,-0.00013,-0.11018,0.20236
14,0.94138,232.098,49,-0.05161,-0.19886,0.09512
14,0.94138,232.098,50,-0.06753,-0.19441,0.11488
14,0.94138,232.098,51,-0.11768,-0.15492,0.08705
14,0.94138,232.098,52,-0.18913,-0.28408,0.0523
14,0.94138,232.098,53,-0.12337,-0.38347,0.09675
14,0.94138,232.098,54,-0.196,-0.30236,0.11443
15,0.9698,215.58391,1,0.36984,0.09164,0.76167
15,0.9698,215.58391,2,0.28032,0.05752,0.58734
15,0.9698,215.58391,3,0.0955,-0.04955,0.52182
15,0.9698,215.58391,4,0.09264,-0.03941,0.33566
15,0.9698,215.58391,5,0.10122,-0.13791,0.15408
15,0.9698,215.58391,6,0.18398,-0.20397,0.21566
15,0.9698,215.58391,7,0.30527,-0.05646,0.24513
15,0.9698,215.58391,8,0.20063,0.02755,0.3857
15,0.9698,215.58391,9,0.09088,-0.05349,0.45051
15,0.9698,215.58391,10,0.1288,-0.0603,0.38577
15,0.9698,215.58391,11,0.08144,-0.15475,0.40873
15,0.9698,215.58391,12,-0.04486,-0.19599,0.41417
15,0.9698,215.58391,13,0.05289,-0.20964,0.51223
15,0.9698,215.58391,14,0.12923,-0.12897,0.65397
15,0.9698,215.58391,15,-0.03025,0.03573,0.70328
15,0.9698,215.58391,16,-0.01176,0.02708,0.75434
15,0.9698,215.58391,17,-0.04008,0.29527,0.73909
15,0.9698,215.58391,18,-0.03867,0.18022,0.73727
15,0.9698,215.58391,19,-0.18098,0.08879,0.57175
15,0.9698,215.58391,20,-0.04514,0.1551,0.70739
15,0.9698,215.58391,21,-0.03034,0.26813,0.7077
15,0.9698,215.58391,22,0.14594,0.09806,0.73783
15,0.9698,215.58391,23,0.27565,0.03549,0.55555
15,0.9698,215.58391,24,0.37295,0.00351,0.39421
15,0.9698,215.58391,25,0.27056,0.04161,0.27246
15,0.9698,215.58391,26,0.41636,0.18687,0.2288
15,0.9698,215.58391,27,0.25162,0.0668,0.28969
15,0.9698,215.58391,28,0.11963,0.22236,0.10806
15,0.9698,215.58391,29,0.06574,0.19299,0.13713
15,0.9698,215.58391,30,-0.00207,0.34559,0.2426
15,0.9698,215.58391,31,0.00786,0.37274,0.25498
15,0.9698,215.58391,32,-0.04809,0.35393,0.19927
15,0.9698,215.58391,33,0.11278,0.41848,0.26541
15,0.9698,215.58391,34,0.09043,0.38297,0.1928
15,0.9698,215.58391,35,0.21903,0.2139,0.18075
15,0.9698,215.58391,36,0.19169,0.21935,0.10517
15,0.9698,215.58391,37,0.14334,0.2018,0.08263
15,0.9698,215.58391,38,0.22478,0.28493,0.08421
15,0.9698,215.58391,39,0.16451,0.26682,0.1689
15,0.9698,215.58391,40,-0.00653,0.15222,0.26934
15,0.9698,215.58391,41,0.08888,0.16178,0.20887
15,0.9698,215.58391,42,0.04326,0.04148,0.13484
15,0.9698,215.58391,43,0.05433,-0.0753,0.26328
15,0.9698,215.58391,44,-0.06571,0.07958,0.16113
15,0.9698,215.58391,45,-0.11693,0.03017,0.11333
15,0.9698,215.58391,46,-0.12353,-0.0949,0.08933
15,0.9698,215.58391,47,0.07039,-0.1113,0.09427
15,0.9698,215.58391,48,0.01517,-0.21784,0.27822
15,0.9698,215.58391,49,0.10286,-0.3123,0.26522
15,0.9698,215.58391,50,0.10424,-0.30595,0.29756
15,0.9698,215.58391,51,-0.00505,-0.2457,0.12924
15,0.9698,215.58391,52,0.02386,-0.22421,0.13565
15,0.9698,215.58391,53,0.28831,-0.36679,0.1779
15,0.9698,215.58391,54,0.17335,-0.58244,0.3055
16,0.82328,223.30757,1,0.36982,0.09161,0.78386
16,0.82328,223.30757,2,0.28026,0.05742,0.60913
16,0.82328,223.30757,3,0.09539,-0.04971,0.54319
16,0.82328,223.30757,4,0.09249,-0.03963,0.3566
16,0.82328,223.30757,5,0.10104,-0.13819,0.17458
16,0.82328,223.30757,6,0.18382,-0.20421,0.18793
16,0.82328,223.30757,7,0.30509,-0.05674,0.2177
16,0.82328,223.30757,8,0.20042,0.02723,0.35854
16,0.82328,223.30757,9,0.09065,-0.05383,0.42359
16,0.82328,223.30757,10,0.12855,-0.06067,0.35907
16,0.82328,223.30757,11,0.08118,-0.15515,0.3822
16,0.82328,223.30757,12,-0.04514,-0.19642,0.38779
16,0.82328,223.30757,13,0.05259,-0.21009,0.48597
16,0.82328,223.30757,14,0.12892,-0.12943,0.62781
16,0.82328,223.30757,15,-0.03057,0.03526,0.67721
16,0.82328,223.30757,16,-0.01207,0.02662,0.72835
16,0.82328,223.30757,17,-0.04038,0.29483,0.71321
16,0.82328,223.30757,18,-0.03895,0.17979,0.7115
16,0.82328,223.30757,19,-0.18124,0.0884,0.54613
16,0.82328,223.30757,20,-0.04538,0.15474,0.68193
16,0.82328,223.30757,21,-0.03056,0.2678,0.68244
16,0.82328,223.30757,22,0.14574,0.09776,0.71278
16,0.82328,223.30757,23,0.27548,0.03523,0.53074
16,0.82328,223.30757,24,0.3728,0.00328,0.36966
16,0.82328,223.30757,25,0.27043,0.04142,0.2482
16,0.82328,223.30757,26,0.41638,0.18618,0.20495
16,0.82328,223.30757,27,0.2517,0.06614,0.26615
16,0.82328,223.30757,28,0.12049,0.22191,0.11496
16,0.82328,223.30757,29,0.06571,0.19249,0.13377
16,0.82328,223.30757,30,-0.0021,0.3451,0.23927
16,0.82328,223.30757,31,0.00782,0.37225,0.25167
16,0.82328,223.30757,32,-0.04813,0.35344,0.19597
16,0.82328,223.30757,33,0.11279,0.41848,0.26242
16,0.82328,223.30757,34,0.09044,0.38297,0.18983
16,0.82328,223.30757,35,0.21904,0.2139,0.17779
16,0.82328,223.30757,36,0.19171,0.21986,0.10422
16,0.82328,223.30757,37,0.1434,0.20164,0.08263
16,0.82328,223.30757,38,0.22484,0.28467,0.08421
16,0.82328,223.30757,39,0.16457,0.26656,0.1689
16,0.82328,223.30757,40,-0.00648,0.15197,0.26934
16,0.82328,223.30757,41,0.08893,0.16152,0.20887
16,0.82328,223.30757,42,0.04331,0.04122,0.13484
16,0.82328,223.30757,43,0.05438,-0.07555,0.26328
16,0.82328,223.30757,44,-0.06566,0.07933,0.16113
16,0.82328,223.30757,45,-0.11687,0.02993,0.11078
16,0.82328,223.30757,46,-0.12347,-0.09513,0.0836
16,0.82328,223.30757,47,-0.23452,-0.26688,0.14128
16,0.82328,223.30757,48,-0.10296,-0.21149,0.15402
16,0.82328,223.30757,49,-0.08623,-0.3212,0.12709
16,0.82328,223.30757,50,-0.06665,-0.2986,0.22013
16,0.82328,223.30757,51,-0.20074,-0.38874,0.18783
16,0.82328,223.30757,52,-0.25293,-0.41615,0.22824
16,0.82328,223.30757,53,-0.19951,-0.41992,0.23807
16,0.82328,223.30757,54,-0.11299,-0.30173,0.1891
17,0.94518,225.35426,1,0.36984,0.09163,0.7654
17,0.94518,225.35426,2,0.28031,0.0575,0.591
17,0.94518,225.35426,3,0.09548,-0.04958,0.5254
17,0.94518,225.35426,4,0.09261,-0.03944,0.33917
17,0.94518,225.35426,5,0.10119,-0.13796,0.15751
17,0.94518,225.35426,6,0.18395,-0.20401,0.2108
17,0.94518,225.35426,7,0.30524,-0.05651,0.24033
17,0.94518,225.35426,8,0.20059,0.02749,0.38095
17,0.94518,225.35426,9,0.09084,-0.05355,0.4458
17,0.94518,225.35426,10,0.12876,-0.06036,0.38111
17,0.94518,225.35426,11,0.0814,-0.15482,0.4041
17,0.94518,225.35426,12,-0.04491,-0.19607,0.40957
17,0.94518,225.35426,13,0.05284,-0.20972,0.50765
17,0.94518,225.35426,14,0.12917,-0.12905,0.64941
17,0.94518,225.35426,15,-0.03031,0.03565,0.69874
17,0.94518,225.35426,16,-0.01182,0.02699,0.74981
17,0.94518,225.35426,17,-0.04014,0.29519,0.73458
17,0.94518,225.35426,18,-0.03873,0.18014,0.73278
17,0.94518,225.35426,19,-0.18103,0.08871,0.56728
17,0.94518,225.35426,20,-0.04519,0.15503,0.70295
17,0.94518,225.35426,21,-0.03039,0.26807,0.70329
17,0.94518,225.35426,22,0.1459,0.098,0.73345
17,0.94518,225.35426,23,0.27561,0.03544,0.55121
17,0.94518,225.35426,24,0.37292,0.00346,0.38991
17,0.94518,225.35426,25,0.27053,0.04157,0.26821
17,0.94518,225.35426,26,0.41636,0.18673,0.22462
17,0.94518,225.35426,27,0.25163,0.06666,0.28556
17,0.94518,225.35426,28,0.11965,0.22224,0.10473
17,0.94518,225.35426,29,0.06574,0.19289,0.13972
17,0.94518,225.35426,30,-0.00206,0.3455,0.24517
17,0.94518,225.35426,31,0.00787,0.37265,0.25754
17,0.94518,225.35426,32,-0.04808,0.35384,0.20181
17,0.94518,225.35426,33,0.11259,0.41848,0.26769
17,0.94518,225.35426,34,0.09024,0.38297,0.19507
17,0.94518,225.35426,35,0.21884,0.2139,0.18301
17,0.94518,225.35426,36,0.19156,0.21844,0.10374
17,0.94518,225.35426,37,0.14318,0.20124,0.08263
17,0.94518,225.35426,38,0.22464,0.28503,0.08421
17,0.94518,225.35426,39,0.16436,0.26692,0.1689
17,0.94518,225.35426,40,-0.00668,0.15233,0.26934
17,0.94518,225.35426,41,0.08873,0.16188,0.20887
17,0.94518,225.35426,42,0.04312,0.04158,0.13484
17,0.94518,225.35426,43,0.05419,-0.0752,0.26328
17,0.94518,225.35426,44,-0.06586,0.07968,0.16113
17,0.94518,225.35426,45,-0.11707,0.03026,0.1129
17,0.94518,225.35426,46,-0.12367,-0.0948,0.08837
17,0.94518,225.35426,47,0.07025,-0.11121,0.09331
17,0.94518,225.35426,48,0.01503,-0.21774,0.27726
17,0.94518,225.35426,49,0.10273,-0.31221,0.26427
17,0.94518,225.35426,50,0.10411,-0.30586,0.29662
17,0.94518,225.35426,51,-0.00518,-0.24561,0.1283
17,0.94518,225.35426,52,0.02373,-0.22411,0.13472
17,0.94518,225.35426,53,-0.02869,-0.36855,0.12756
17,0.94518,225.35426,54,-0.12317,-0.40372,0.11265
18,0.9811,231.09536,1,0.36984,0.09164,0.75996
18,0.9811,231.09536,2,0.28033,0.05753,0.58566
18,0.9811,231.09536,3,0.09551,-0.04954,0.52017
18,0.9811,231.09536,4,0.09265,-0.03939,0.33405
18,0.9811,231.09536,5,0.10124,-0.13789,0.1525
18,0.9811,231.09536,6,0.18399,-0.20395,0.21792
18,0.9811,231.09536,7,0.30529,-0.05644,0.24735
18,0.9811,231.09536,8,0.20064,0.02757,0.3879
18,0.9811,231.09536,9,0.0909,-0.05346,0.45269
18,0.9811,231.09536,10,0.12882,-0.06027,0.38794
18,0.9811,231.09536,11,0.08147,-0.15472,0.41088
18,0.9811,231.09536,12,-0.04483,-0.19596,0.4163
18,0.9811,231.09536,13,0.05291,-0.2096,0.51435
18,0.9811,231.09536,14,0.12925,-0.12893,0.65608
18,0.9811,231.09536,15,-0.03023,0.03577,0.70538
18,0.9811,231.09536,16,-0.01173,0.02712,0.75643
18,0.9811,231.09536,17,-0.04006,0.29531,0.74118
18,0.9811,231.09536,18,-0.03865,0.18025,0.73935
18,0.9811,231.09536,19,-0.18095,0.08883,0.57382
18,0.9811,231.09536,20,-0.04512,0.15513,0.70945
18,0.9811,231.09536,21,-0.03032,0.26816,0.70975
18,0.9811,231.09536,22,0.14596,0.09808,0.73986
18,0.9811,231.09536,23,0.27567,0.03552,0.55757
18,0.9811,231.09536,24,0.37297,0.00353,0.3962
18,0.9811,231.09536,25,0.27058,0.04163,0.27443
18,0.9811,231.09536,26,0.41636,0.18694,0.23074
18,0.9811,231.09536,27,0.25161,0.06687,0.2916
18,0.9811,231.09536,28,0.11962,0.22243,0.10837
18,0.9811,231.09536,29,0.06573,0.19303,0.12479
18,0.9811,231.09536,30,-0.0021,0.34563,0.23034
18,0.9811,231.09536,31,0.00781,0.37276,0.24279
18,0.9811,231.09536,32,-0.04815,0.35395,0.18713
18,0.9811,231.09536,33,0.11352,0.41848,0.25471
18,0.9811,231.09536,34,0.09117,0.38297,0.18215
18,0.9811,231.09536,35,0.21976,0.2139,0.17016
18,0.9811,231.09536,36,0.19211,0.22332,0.11051
18,0.9811,231.09536,37,0.14393,0.20115,0.08263
18,0.9811,231.09536,38,0.22536,0.28419,0.08421
18,0.9811,231.09536,39,0.16509,0.26608,0.1689
18,0.9811,231.09536,40,-0.00596,0.15149,0.26934
18,0.9811,231.09536,41,0.08945,0.16105,0.20887
18,0.9811,231.09536,42,0.05269,0.07076,0.1713
18,0.9811,231.09536,43,0.06334,-0.00873,0.18433
18,0.9811,231.09536,44,-0.00632,-0.17524,0.16799
18,0.9811,231.09536,45,-0.12075,-0.11104,0.10998
18,0.9811,231.09536,46,-0.06848,0.05124,0.19729
18,0.9811,231.09536,47,0.01762,-0.03848,0.23204
18,0.9811,231.09536,48,0.00055,-0.11094,0.20392
18,0.9811,231.09536,49,-0.05093,-0.1996,0.09512
18,0.9811,231.09536,50,-0.06685,-0.19513,0.11488
18,0.9811,231.09536,51,-0.117,-0.15563,0.08728
18,0.9811,231.09536,52,-0.18846,-0.28479,0.0523
18,0.9811,231.09536,53,-0.0924,-0.31642,0.16934
18,0.9811,231.09536,54,-0.12287,-0.16202,0.27962
19,0.97293,225.23373,1,0.36984,0.09164,0.76119
19,0.97293,225.23373,2,0.28033,0.05752,0.58688
19,0.97293,225.23373,3,0.0955,-0.04955,0.52136
19,0.97293,225.23373,4,0.09264,-0.0394,0.33521
19,0.97293,225.23373,5,0.10123,-0.1379,0.15364
19,0.97293,225.23373,6,0.18398,-0.20396,0.21629
19,0.97293,225.23373,7,0.30528,-0.05645,0.24574
19,0.97293,225.23373,8,0.20063,0.02755,0.3863
19,0.97293,225.23373,9,0.09089,-0.05348,0.45111
19,0.97293,225.23373,10,0.1288,-0.06029,0.38637
19,0.97293,225.23373,11,0.08145,-0.15474,0.40932
19,0.97293,225.23373,12,-0.04485,-0.19598,0.41476
19,0.97293,225.23373,13,0.0529,-0.20963,0.51281
19,0.97293,225.23373,14,0.12923,-0.12896,0.65455
19,0.97293,225.23373,15,-0.03025,0.03575,0.70386
19,0.97293,225.23373,16,-0.01175,0.02709,0.75492
19,0.97293,225.23373,17,-0.04008,0.29529,0.73967
19,0.97293,225.23373,18,-0.03867,0.18023,0.73785
19,0.97293,225.23373,19,-0.18097,0.0888,0.57232
19,0.97293,225.23373,20,-0.04514,0.15511,0.70796
19,0.97293,225.23373,21,-0.03034,0.26814,0.70827
19,0.97293,225.23373,22,0.14594,0.09806,0.73839
19,0.97293,225.23373,23,0.27565,0.0355,0.55611
19,0.97293,225.23373,24,0.37296,0.00352,0.39476
19,0.97293,225.23373,25,0.27057,0.04162,0.273
19,0.97293,225.23373,26,0.41636,0.18689,0.22933
19,0.97293,225.23373,27,0.25162,0.06682,0.29022
19,0.97293,225.23373,28,0.11963,0.22238,0.10837
19,0.97293,225.23373,29,0.06574,0.193,0.13574
19,0.97293,225.23373,30,-0.00207,0.3456,0.24122
19,0.97293,225.23373,31,0.00785,0.37275,0.25361
19,0.97293,225.23373,32,-0.0481,0.35394,0.1979
19,0.97293,225.23373,33,0.11287,0.41848,0.2642
19,0.97293,225.23373,34,0.09052,0.38297,0.19159
19,0.97293,225.23373,35,0.21911,0.2139,0.17955
19,0.97293,225.23373,36,0.19175,0.21981,0.1058
19,0.97293,225.23373,37,0.14342,0.20183,0.08263
19,0.97293,225.23373,38,0.22485,0.28486,0.08421
19,0.97293,225.23373,39,0.16458,0.26675,0.1689
19,0.97293,225.23373,40,-0.00646,0.15215,0.26934
19,0.97293,225.23373,41,0.08894,0.16171,0.20887
19,0.97293,225.23373,42,0.05219,0.07142,0.1713
19,0.97293,225.23373,43,0.06285,-0.00808,0.18433
19,0.97293,225.23373,44,-0.00682,-0.17459,0.16799
19,0.97293,225.23373,45,-0.12123,-0.11041,0.10987
19,0.97293,225.23373,46,-0.06896,0.05184,0.19696
19,0.97293,225.23373,47,0.01714,-0.03789,0.23172
19,0.97293,225.23373,48,8.0e-5,-0.11034,0.2036
19,0.97293,225.23373,49,-0.14101,-0.27044,0.2504
19,0.97293,225.23373,50,-0.29434,-0.2034,0.10165
19,0.97293,225.23373,51,-0.16296,-0.20233,0.08647
19,0.97293,225.23373,52,-0.05705,-0.19204,0.13406
19,0.97293,225.23373,53,-0.15892,-0.11861,0.07776
19,0.97293,225.23373,54,-0.27516,-0.14382,0.0477
20,0.85637,223.88322,1,0.36983,0.09161,0.77885
20,0.85637,223.88322,2,0.28027,0.05745,0.6042
20,0.85637,223.88322,3,0.09542,-0.04968,0.53836
20,0.85637,223.88322,4,0.09253,-0.03958,0.35186
20,0.85637,223.88322,5,0.10108,-0.13813,0.16994
20,0.85637,223.88322,6,0.18385,-0.20416,0.19394
20,0.85637,223.88322,7,0.30513,-0.05667,0.22365
20,0.85637,223.88322,8,0.20046,0.0273,0.36444
20,0.85637,223.88322,9,0.0907,-0.05376,0.42944
20,0.85637,223.88322,10,0.1286,-0.06059,0.36488
20,0.85637,223.88322,11,0.08123,-0.15507,0.38798
20,0.85637,223.88322,12,-0.04508,-0.19633,0.39354
20,0.85637,223.88322,13,0.05265,-0.20999,0.49169
20,0.85637,223.88322,14,0.12898,-0.12933,0.63352
20,0.85637,223.88322,15,-0.0305,0.03536,0.68289
20,0.85637,223.88322,16,-0.012,0.02671,0.73402
20,0.85637,223.88322,17,-0.04032,0.29492,0.71885
20,0.85637,223.88322,18,-0.0389,0.17988,0.71712
20,0.85637,223.88322,19,-0.18119,0.08847,0.55171
20,0.85637,223.88322,20,-0.04534,0.1548,0.68747
20,0.85637,223.88322,21,-0.03052,0.26786,0.68793
20,0.85637,223.88322,22,0.14578,0.09782,0.71822
20,0.85637,223.88322,23,0.27551,0.03528,0.53613
20,0.85637,223.88322,24,0.37283,0.00332,0.37498
20,0.85637,223.88322,25,0.27045,0.04145,0.25346
20,0.85637,223.88322,26,0.41638,0.18631,0.21012
20,0.85637,223.88322,27,0.25168,0.06626,0.27125
20,0.85637,223.88322,28,0.12046,0.22202,0.11358
20,0.85637,223.88322,29,0.06568,0.19257,0.11005
20,0.85637,223.88322,30,-0.00216,0.34516,0.21568
20,0.85637,223.88322,31,0.00774,0.37229,0.2282
20,0.85637,223.88322,32,-0.04823,0.35348,0.1726
20,0.85637,223.88322,33,0.11406,0.41848,0.24224
20,0.85637,223.88322,34,0.09171,0.38297,0.16975
20,0.85637,223.88322,35,0.22031,0.21392,0.15782
20,0.85637,223.88322,36,0.19256,0.22211,0.11326
20,0.85637,223.88322,37,0.14439,0.19979,0.08263
20,0.85637,223.88322,38,0.22582,0.28286,0.08421
20,0.85637,223.88322,39,0.16555,0.26476,0.1689
20,0.85637,223.88322,40,-0.0055,0.15017,0.26934
20,0.85637,223.88322,41,0.08991,0.15973,0.20887
20,0.85637,223.88322,42,0.04429,0.03945,0.13484
20,0.85637,223.88322,43,0.05535,-0.07732,0.26328
20,0.85637,223.88322,44,-0.0647,0.07757,0.16114
20,0.85637,223.88322,45,-0.11591,0.02823,0.11135
20,0.85637,223.88322,46,-0.12252,-0.09674,0.08489
20,0.85637,223.88322,47,0.07153,-0.11297,0.09075
20,0.85637,223.88322,48,0.01669,-0.21903,0.27713
20,0.85637,223.88322,49,0.10438,-0.3135,0.26414
20,0.85637,223.88322,50,0.10576,-0.30714,0.29648
20,0.85637,223.88322,51,-0.00354,-0.24689,0.12817
20,0.85637,223.88322,52,0.02537,-0.22538,0.13459
20,0.85637,223.88322,53,0.00599,-0.22607,0.11187
20,0.85637,223.88322,54,0.00102,-0.39246,0.07594
