particle,elasticity,weight,frame,x,y,z
1,0.70474,190.64602,1,-0.01027,0.02267,0.42801
1,0.70474,190.64602,2,0.12509,0.09498,0.22669
1,0.70474,190.64602,3,0.35748,0.04317,0.15132
1,0.70474,190.64602,4,0.34561,0.10091,0.44727
1,0.70474,190.64602,5,0.27142,0.22074,0.58147
1,0.70474,190.64602,6,0.26232,0.19684,0.53144
1,0.70474,190.64602,7,0.25908,0.07286,0.61643
1,0.70474,190.64602,8,0.22601,0.09861,0.63366
1,0.70474,190.64602,9,0.13921,0.19062,0.59475
1,0.70474,190.64602,10,-0.08401,0.1117,0.59828
1,0.70474,190.64602,11,-0.05971,0.15234,0.64147
1,0.70474,190.64602,12,-0.01574,0.12892,0.62619
1,0.70474,190.64602,13,-0.04758,0.08791,0.47103
1,0.70474,190.64602,14,-0.23003,0.11577,0.50251
1,0.70474,190.64602,15,-0.19597,0.33584,0.48406
1,0.70474,190.64602,16,-0.23178,0.24223,0.43877
1,0.70474,190.64602,17,-0.34394,0.34144,0.45102
1,0.70474,190.64602,18,-0.20984,0.37984,0.3692
1,0.70474,190.64602,19,-0.33715,0.29657,0.38831
1,0.70474,190.64602,20,-0.58329,0.30762,0.23691
1,0.70474,190.64602,21,-0.60645,0.26169,0.28559
1,0.70474,190.64602,22,-0.5741,0.2643,0.10451
1,0.70474,190.64602,23,-0.38149,0.1898,0.10317
1,0.70474,190.64602,24,-0.41168,0.18936,0.18244
1,0.70474,190.64602,25,-0.29245,0.28607,0.1092
1,0.70474,190.64602,26,-0.04911,0.30498,0.18569
1,0.70474,190.64602,27,-0.16662,0.27057,0.29382
1,0.70474,190.64602,28,-0.09443,0.23416,0.31415
1,0.70474,190.64602,29,-0.00597,0.18271,0.34462
1,0.70474,190.64602,30,0.06801,0.12137,0.17828
1,0.70474,190.64602,31,-0.1322,0.04869,0.11152
1,0.70474,190.64602,32,-0.06952,-0.11428,0.10499
1,0.70474,190.64602,33,-0.00016,-0.16276,0.254
1,0.70474,190.64602,34,0.1799,-0.29553,0.26019
1,0.70474,190.64602,35,0.17708,-0.15394,0.17198
1,0.70474,190.64602,36,0.21403,-0.01838,0.17668
1,0.70474,190.64602,37,0.24611,-0.03486,0.0789
1,0.70474,190.64602,38,0.27066,-0.07527,0.34355
1,0.70474,190.64602,39,0.31063,-0.06586,0.15424
1,0.70474,190.64602,40,0.21354,-0.23478,0.18624
1,0.70474,190.64602,41,0.36828,-0.30008,0.14651
1,0.70474,190.64602,42,0.5867,-0.29989,0.11296
1,0.70474,190.64602,43,0.58169,-0.14132,0.14008
1,0.70474,190.64602,44,0.38836,-0.14546,0.07378
1,0.70474,190.64602,45,0.62634,-0.02796,0.08066
2,0.39381,198.81585,1,-0.01027,0.02267,0.42801
2,0.39381,198.81585,2,0.12509,0.09498,0.22669
2,0.39381,198.81585,3,0.3575,0.04318,0.12524
2,0.39381,198.81585,4,0.36571,0.10095,0.41252
2,0.39381,198.81585,5,0.29385,0.22082,0.54852
2,0.39381,198.81585,6,0.28457,0.19697,0.49877
2,0.39381,198.81585,7,0.28117,0.07304,0.584
2,0.39381,198.81585,8,0.24795,0.09884,0.60142
2,0.39381,198.81585,9,0.16101,0.19089,0.56268
2,0.39381,198.81585,10,-0.06233,0.112,0.56635
2,0.39381,198.81585,11,-0.03814,0.15266,0.60966
2,0.39381,198.81585,12,0.00572,0.12925,0.5945
2,0.39381,198.81585,13,-0.0262,0.08823,0.43946
2,0.39381,198.81585,14,-0.20873,0.11609,0.47108
2,0.39381,198.81585,15,-0.17474,0.33614,0.45279
2,0.39381,198.81585,16,-0.21064,0.24252,0.40769
2,0.39381,198.81585,17,-0.32289,0.34171,0.42016
2,0.39381,198.81585,18,-0.18888,0.38008,0.33859
2,0.39381,198.81585,19,-0.31628,0.29678,0.35798
2,0.39381,198.81585,20,-0.58326,0.30757,0.21206
2,0.39381,198.81585,21,-0.60637,0.26161,0.26103
2,0.39381,198.81585,22,-0.57269,0.2643,0.10349
2,0.39381,198.81585,23,-0.38619,0.18961,0.09289
2,0.39381,198.81585,24,-0.41168,0.18919,0.1723
2,0.39381,198.81585,25,-0.29245,0.2859,0.09918
2,0.39381,198.81585,26,-0.04927,0.30484,0.17635
2,0.39381,198.81585,27,-0.16679,0.27043,0.28452
2,0.39381,198.81585,28,-0.0946,0.23402,0.30488
2,0.39381,198.81585,29,-0.00615,0.18256,0.3354
2,0.39381,198.81585,30,0.06782,0.12122,0.16911
2,0.39381,198.81585,31,-0.1319,0.04912,0.10401
2,0.39381,198.81585,32,-0.0693,-0.11389,0.09865
2,0.39381,198.81585,33,-0.0001,-0.16245,0.25126
2,0.39381,198.81585,34,0.11909,-0.10234,0.27531
2,0.39381,198.81585,35,0.13731,-0.12049,0.09411
2,0.39381,198.81585,36,0.28327,-0.22895,0.1597
2,0.39381,198.81585,37,0.21586,-0.27308,0.22125
2,0.39381,198.81585,38,0.31405,-0.23464,0.17072
2,0.39381,198.81585,39,0.36929,-0.26375,0.17924
2,0.39381,198.81585,40,0.39001,-0.18822,0.10274
2,0.39381,198.81585,41,0.40218,-0.37022,0.10153
2,0.39381,198.81585,42,0.20967,-0.2684,0.0973
2,0.39381,198.81585,43,0.2014,-0.14478,0.05318
2,0.39381,198.81585,44,0.19676,-0.2834,0.08018
2,0.39381,198.81585,45,0.24913,-0.21011,0.16488
3,0.76229,193.88304,1,-0.01027,0.02267,0.42801
3,0.76229,193.88304,2,0.12509,0.09498,0.22669
3,0.76229,193.88304,3,0.35748,0.04317,0.15614
3,0.76229,193.88304,4,0.3419,0.1009,0.45369
3,0.76229,193.88304,5,0.26728,0.22072,0.58754
3,0.76229,193.88304,6,0.25822,0.19681,0.53745
3,0.76229,193.88304,7,0.25502,0.07282,0.6224
3,0.76229,193.88304,8,0.22199,0.09857,0.63957
3,0.76229,193.88304,9,0.13522,0.19057,0.60063
3,0.76229,193.88304,10,-0.08797,0.11165,0.60412
3,0.76229,193.88304,11,-0.06364,0.15228,0.64728
3,0.76229,193.88304,12,-0.01965,0.12885,0.63198
3,0.76229,193.88304,13,-0.05147,0.08783,0.47679
3,0.76229,193.88304,14,-0.2339,0.11569,0.50825
3,0.76229,193.88304,15,-0.19982,0.33576,0.48977
3,0.76229,193.88304,16,-0.23561,0.24216,0.44446
3,0.76229,193.88304,17,-0.34776,0.34137,0.45667
3,0.76229,193.88304,18,-0.21365,0.37978,0.37481
3,0.76229,193.88304,19,-0.34093,0.29651,0.39389
3,0.76229,193.88304,20,-0.58329,0.30762,0.2415
3,0.76229,193.88304,21,-0.60647,0.26169,0.29013
3,0.76229,193.88304,22,-0.57385,0.26427,0.10793
3,0.76229,193.88304,23,-0.38079,0.18984,0.10261
3,0.76229,193.88304,24,-0.41168,0.18941,0.18189
3,0.76229,193.88304,25,-0.29245,0.28612,0.10866
3,0.76229,193.88304,26,-0.04911,0.30503,0.18515
3,0.76229,193.88304,27,-0.16662,0.27062,0.29328
3,0.76229,193.88304,28,-0.09443,0.2342,0.31361
3,0.76229,193.88304,29,-0.00597,0.18275,0.34408
3,0.76229,193.88304,30,0.06801,0.12141,0.17775
3,0.76229,193.88304,31,-0.13282,0.04878,0.11345
3,0.76229,193.88304,32,-0.07013,-0.11419,0.1069
3,0.76229,193.88304,33,-0.00077,-0.16267,0.25591
3,0.76229,193.88304,34,0.1793,-0.29544,0.2621
3,0.76229,193.88304,35,0.17648,-0.15385,0.17387
3,0.76229,193.88304,36,0.21343,-0.01829,0.17857
3,0.76229,193.88304,37,0.24618,-0.03486,0.0797
3,0.76229,193.88304,38,0.27073,-0.07527,0.34433
3,0.76229,193.88304,39,0.3107,-0.06586,0.15502
3,0.76229,193.88304,40,0.21361,-0.23479,0.18702
3,0.76229,193.88304,41,0.36834,-0.30008,0.14728
3,0.76229,193.88304,42,0.5867,-0.29988,0.11374
3,0.76229,193.88304,43,0.58169,-0.14129,0.14085
3,0.76229,193.88304,44,0.3863,-0.14551,0.07378
3,0.76229,193.88304,45,0.31556,-0.12932,0.09529
4,0.63027,195.24781,1,-0.01027,0.02267,0.42801
4,0.63027,195.24781,2,0.12509,0.09498,0.22669
4,0.63027,195.24781,3,0.35749,0.04318,0.14507
4,0.63027,195.24781,4,0.35042,0.10092,0.43895
4,0.63027,195.24781,5,0.27678,0.22076,0.5736
4,0.63027,195.24781,6,0.26763,0.19687,0.52364
4,0.63027,195.24781,7,0.26434,0.0729,0.6087
4,0.63027,195.24781,8,0.23123,0.09867,0.62599
4,0.63027,195.24781,9,0.1444,0.19069,0.58713
4,0.63027,195.24781,10,-0.07886,0.11178,0.5907
4,0.63027,195.24781,11,-0.05459,0.15243,0.63391
4,0.63027,195.24781,12,-0.01066,0.12901,0.61867
4,0.63027,195.24781,13,-0.04252,0.088,0.46353
4,0.63027,195.24781,14,-0.22499,0.11586,0.49505
4,0.63027,195.24781,15,-0.19095,0.33593,0.47663
4,0.63027,195.24781,16,-0.22678,0.24232,0.43138
4,0.63027,195.24781,17,-0.33896,0.34153,0.44367
4,0.63027,195.24781,18,-0.20488,0.37992,0.3619
4,0.63027,195.24781,19,-0.33221,0.29664,0.38107
4,0.63027,195.24781,20,-0.58328,0.30761,0.23096
4,0.63027,195.24781,21,-0.60643,0.26168,0.27971
4,0.63027,195.24781,22,-0.57443,0.26434,0.1
4,0.63027,195.24781,23,-0.38246,0.18974,0.10363
4,0.63027,195.24781,24,-0.41168,0.18931,0.1829
4,0.63027,195.24781,25,-0.29245,0.28601,0.10966
4,0.63027,195.24781,26,-0.04911,0.30492,0.18615
4,0.63027,195.24781,27,-0.16662,0.27051,0.29428
4,0.63027,195.24781,28,-0.09443,0.2341,0.3146
4,0.63027,195.24781,29,-0.00597,0.18265,0.34507
4,0.63027,195.24781,30,0.06802,0.12131,0.17872
4,0.63027,195.24781,31,-0.1315,0.04859,0.10915
4,0.63027,195.24781,32,-0.06881,-0.11437,0.10262
4,0.63027,195.24781,33,0.00053,-0.16286,0.25165
4,0.63027,195.24781,34,0.1806,-0.29562,0.25785
4,0.63027,195.24781,35,0.17778,-0.15404,0.16964
4,0.63027,195.24781,36,0.21472,-0.01848,0.17435
4,0.63027,195.24781,37,0.24606,-0.03486,0.07768
4,0.63027,195.24781,38,0.27061,-0.07527,0.34233
4,0.63027,195.24781,39,0.31058,-0.06585,0.15304
4,0.63027,195.24781,40,0.2135,-0.23478,0.18505
4,0.63027,195.24781,41,0.36823,-0.30007,0.14533
4,0.63027,195.24781,42,0.5867,-0.2999,0.11177
4,0.63027,195.24781,43,0.58019,-0.3697,0.09071
4,0.63027,195.24781,44,0.62205,-0.30086,0.14129
4,0.63027,195.24781,45,0.77323,-0.23316,0.21619
5,0.75082,196.69522,1,-0.01027,0.02267,0.42801
5,0.75082,196.69522,2,0.12509,0.09498,0.22669
5,0.75082,196.69522,3,0.35748,0.04317,0.15518
5,0.75082,196.69522,4,0.34264,0.1009,0.45241
5,0.75082,196.69522,5,0.26811,0.22072,0.58633
5,0.75082,196.69522,6,0.25904,0.19682,0.53626
5,0.75082,196.69522,7,0.25583,0.07283,0.62121
5,0.75082,196.69522,8,0.22279,0.09858,0.6384
5,0.75082,196.69522,9,0.13602,0.19058,0.59946
5,0.75082,196.69522,10,-0.08718,0.11166,0.60296
5,0.75082,196.69522,11,-0.06286,0.15229,0.64612
5,0.75082,196.69522,12,-0.01888,0.12887,0.63083
5,0.75082,196.69522,13,-0.0507,0.08785,0.47565
5,0.75082,196.69522,14,-0.23313,0.11571,0.50711
5,0.75082,196.69522,15,-0.19905,0.33578,0.48864
5,0.75082,196.69522,16,-0.23485,0.24217,0.44333
5,0.75082,196.69522,17,-0.347,0.34139,0.45555
5,0.75082,196.69522,18,-0.21289,0.37979,0.3737
5,0.75082,196.69522,19,-0.34018,0.29652,0.39278
5,0.75082,196.69522,20,-0.58329,0.30762,0.24058
5,0.75082,196.69522,21,-0.60647,0.26169,0.28923
5,0.75082,196.69522,22,-0.5739,0.26428,0.10725
5,0.75082,196.69522,23,-0.38093,0.18983,0.10274
5,0.75082,196.69522,24,-0.41168,0.1894,0.18202
5,0.75082,196.69522,25,-0.29245,0.28611,0.10878
5,0.75082,196.69522,26,-0.04911,0.30502,0.18527
5,0.75082,196.69522,27,-0.16662,0.27061,0.2934
5,0.75082,196.69522,28,-0.09443,0.23419,0.31373
5,0.75082,196.69522,29,-0.00597,0.18274,0.3442
5,0.75082,196.69522,30,0.06801,0.1214,0.17786
5,0.75082,196.69522,31,-0.13269,0.04876,0.11306
5,0.75082,196.69522,32,-0.07,-0.1142,0.10652
5,0.75082,196.69522,33,-0.00065,-0.16269,0.25553
5,0.75082,196.69522,34,0.11854,-0.10258,0.27955
5,0.75082,196.69522,35,0.13519,-0.12064,0.09751
5,0.75082,196.69522,36,0.28116,-0.2291,0.1631
5,0.75082,196.69522,37,0.21375,-0.27323,0.22463
5,0.75082,196.69522,38,0.26155,-0.38202,0.09526
5,0.75082,196.69522,39,0.33828,-0.35194,0.18721
5,0.75082,196.69522,40,0.34651,-0.40837,0.14967
5,0.75082,196.69522,41,0.22428,-0.32487,0.25068
5,0.75082,196.69522,42,0.21743,-0.34267,0.13983
5,0.75082,196.69522,43,0.20123,-0.28935,0.09064
5,0.75082,196.69522,44,0.1103,-0.23378,0.17929
5,0.75082,196.69522,45,0.00884,-0.32739,0.21677
6,0.73151,194.75542,1,-0.01027,0.02267,0.42801
6,0.73151,194.75542,2,0.12509,0.09498,0.22669
6,0.73151,194.75542,3,0.35748,0.04317,0.15356
6,0.73151,194.75542,4,0.34388,0.1009,0.45025
6,0.73151,194.75542,5,0.2695,0.22073,0.5843
6,0.73151,194.75542,6,0.26041,0.19683,0.53424
6,0.73151,194.75542,7,0.25719,0.07284,0.61921
6,0.73151,194.75542,8,0.22414,0.09859,0.63641
6,0.73151,194.75542,9,0.13736,0.1906,0.59749
6,0.73151,194.75542,10,-0.08585,0.11168,0.601
6,0.73151,194.75542,11,-0.06154,0.15231,0.64417
6,0.73151,194.75542,12,-0.01757,0.12889,0.62889
6,0.73151,194.75542,13,-0.04939,0.08787,0.47371
6,0.73151,194.75542,14,-0.23183,0.11573,0.50519
6,0.73151,194.75542,15,-0.19776,0.3358,0.48672
6,0.73151,194.75542,16,-0.23356,0.2422,0.44142
6,0.73151,194.75542,17,-0.34572,0.34141,0.45365
6,0.73151,194.75542,18,-0.21161,0.37981,0.37181
6,0.73151,194.75542,19,-0.33891,0.29654,0.39091
6,0.73151,194.75542,20,-0.58329,0.30762,0.23904
6,0.73151,194.75542,21,-0.60646,0.26169,0.2877
6,0.73151,194.75542,22,-0.57398,0.26429,0.10611
6,0.73151,194.75542,23,-0.38116,0.18982,0.10293
6,0.73151,194.75542,24,-0.41168,0.18938,0.18221
6,0.73151,194.75542,25,-0.29245,0.28609,0.10897
6,0.73151,194.75542,26,-0.04911,0.305,0.18546
6,0.73151,194.75542,27,-0.16662,0.27059,0.29359
6,0.73151,194.75542,28,-0.09443,0.23418,0.31392
6,0.73151,194.75542,29,-0.00597,0.18273,0.34439
6,0.73151,194.75542,30,0.06801,0.12139,0.17805
6,0.73151,194.75542,31,-0.13248,0.04873,0.11241
6,0.73151,194.75542,32,-0.06979,-0.11424,0.10587
6,0.73151,194.75542,33,-0.00044,-0.16272,0.25488
6,0.73151,194.75542,34,0.17963,-0.29549,0.26107
6,0.73151,194.75542,35,0.17681,-0.1539,0.17285
6,0.73151,194.75542,36,0.21376,-0.01834,0.17754
6,0.73151,194.75542,37,0.24614,-0.03486,0.07929
6,0.73151,194.75542,38,0.27069,-0.07527,0.34393
6,0.73151,194.75542,39,0.31066,-0.06586,0.15462
6,0.73151,194.75542,40,0.21357,-0.23479,0.18662
6,0.73151,194.75542,41,0.36831,-0.30008,0.14689
6,0.73151,194.75542,42,0.5867,-0.29988,0.11334
6,0.73151,194.75542,43,0.58019,-0.3697,0.09071
6,0.73151,194.75542,44,0.62205,-0.30086,0.14129
6,0.73151,194.75542,45,0.782,-0.18416,0.20713
7,0.38648,191.31654,1,-0.01027,0.02267,0.42801
7,0.38648,191.31654,2,0.12509,0.09498,0.22669
7,0.38648,191.31654,3,0.3575,0.04318,0.12463
7,0.38648,191.31654,4,0.36619,0.10095,0.4117
7,0.38648,191.31654,5,0.29438,0.22082,0.54774
7,0.38648,191.31654,6,0.2851,0.19698,0.49799
7,0.38648,191.31654,7,0.28169,0.07304,0.58323
7,0.38648,191.31654,8,0.24847,0.09885,0.60066
7,0.38648,191.31654,9,0.16153,0.19089,0.56192
7,0.38648,191.31654,10,-0.06181,0.11201,0.56559
7,0.38648,191.31654,11,-0.03763,0.15267,0.6089
7,0.38648,191.31654,12,0.00623,0.12926,0.59374
7,0.38648,191.31654,13,-0.02569,0.08824,0.43871
7,0.38648,191.31654,14,-0.20822,0.11609,0.47033
7,0.38648,191.31654,15,-0.17424,0.33615,0.45205
7,0.38648,191.31654,16,-0.21013,0.24252,0.40696
7,0.38648,191.31654,17,-0.32238,0.34171,0.41943
7,0.38648,191.31654,18,-0.18838,0.38008,0.33786
7,0.38648,191.31654,19,-0.31578,0.29679,0.35726
7,0.38648,191.31654,20,-0.58326,0.30757,0.21147
7,0.38648,191.31654,21,-0.60637,0.26161,0.26045
7,0.38648,191.31654,22,-0.57275,0.2643,0.10305
7,0.38648,191.31654,23,-0.38633,0.1896,0.0928
7,0.38648,191.31654,24,-0.41168,0.18919,0.17221
7,0.38648,191.31654,25,-0.29246,0.2859,0.09911
7,0.38648,191.31654,26,-0.04931,0.30484,0.17641
7,0.38648,191.31654,27,-0.16682,0.27043,0.28457
7,0.38648,191.31654,28,-0.09463,0.23402,0.30494
7,0.38648,191.31654,29,-0.00619,0.18256,0.33545
7,0.38648,191.31654,30,0.06779,0.12122,0.16916
7,0.38648,191.31654,31,-0.13188,0.04913,0.10375
7,0.38648,191.31654,32,-0.06929,-0.11389,0.09854
7,0.38648,191.31654,33,-8.0e-5,-0.16245,0.25135
7,0.38648,191.31654,34,0.11911,-0.10234,0.27539
7,0.38648,191.31654,35,0.13733,-0.12048,0.09399
7,0.38648,191.31654,36,0.28329,-0.22895,0.15959
7,0.38648,191.31654,37,0.21587,-0.27308,0.22114
7,0.38648,191.31654,38,0.31407,-0.23463,0.1706
7,0.38648,191.31654,39,0.36931,-0.26375,0.17912
7,0.38648,191.31654,40,0.39001,-0.18822,0.10263
7,0.38648,191.31654,41,0.40218,-0.37022,0.10135
7,0.38648,191.31654,42,0.20971,-0.2684,0.09728
7,0.38648,191.31654,43,0.3603,-0.15119,0.35327
7,0.38648,191.31654,44,0.34892,-0.20856,0.21709
7,0.38648,191.31654,45,0.40673,-0.13066,0.37368
8,0.38125,194.47435,1,-0.01027,0.02267,0.42801
8,0.38125,194.47435,2,0.12509,0.09498,0.22669
8,0.38125,194.47435,3,0.3575,0.04318,0.12419
8,0.38125,194.47435,4,0.36653,0.10095,0.41111
8,0.38125,194.47435,5,0.29476,0.22083,0.54719
8,0.38125,194.47435,6,0.28547,0.19698,0.49744
8,0.38125,194.47435,7,0.28206,0.07305,0.58268
8,0.38125,194.47435,8,0.24884,0.09885,0.60011
8,0.38125,194.47435,9,0.1619,0.1909,0.56137
8,0.38125,194.47435,10,-0.06145,0.11201,0.56505
8,0.38125,194.47435,11,-0.03726,0.15267,0.60836
8,0.38125,194.47435,12,0.00659,0.12926,0.5932
8,0.38125,194.47435,13,-0.02532,0.08824,0.43817
8,0.38125,194.47435,14,-0.20785,0.1161,0.4698
8,0.38125,194.47435,15,-0.17387,0.33615,0.45152
8,0.38125,194.47435,16,-0.20977,0.24252,0.40643
8,0.38125,194.47435,17,-0.32202,0.34171,0.41891
8,0.38125,194.47435,18,-0.18802,0.38009,0.33734
8,0.38125,194.47435,19,-0.31543,0.29679,0.35675
8,0.38125,194.47435,20,-0.58326,0.30756,0.21105
8,0.38125,194.47435,21,-0.60637,0.26161,0.26003
8,0.38125,194.47435,22,-0.57279,0.2643,0.10273
8,0.38125,194.47435,23,-0.38642,0.1896,0.09274
8,0.38125,194.47435,24,-0.41168,0.18918,0.17215
8,0.38125,194.47435,25,-0.29246,0.2859,0.09906
8,0.38125,194.47435,26,-0.04933,0.30484,0.17645
8,0.38125,194.47435,27,-0.16685,0.27043,0.28461
8,0.38125,194.47435,28,-0.09466,0.23402,0.30498
8,0.38125,194.47435,29,-0.00621,0.18257,0.33549
8,0.38125,194.47435,30,0.06776,0.12122,0.1692
8,0.38125,194.47435,31,-0.13187,0.04913,0.10356
8,0.38125,194.47435,32,-0.06928,-0.11389,0.09847
8,0.38125,194.47435,33,-6.0e-5,-0.16245,0.2514
8,0.38125,194.47435,34,0.11912,-0.10234,0.27545
8,0.38125,194.47435,35,0.13734,-0.12048,0.09391
8,0.38125,194.47435,36,0.28331,-0.22894,0.1595
8,0.38125,194.47435,37,0.21589,-0.27307,0.22105
8,0.38125,194.47435,38,0.31408,-0.23463,0.17052
8,0.38125,194.47435,39,0.36932,-0.26375,0.17904
8,0.38125,194.47435,40,0.39001,-0.18821,0.10255
8,0.38125,194.47435,41,0.40218,-0.37023,0.10122
8,0.38125,194.47435,42,0.20973,-0.2684,0.09726
8,0.38125,194.47435,43,0.24058,-0.2829,0.08424
8,0.38125,194.47435,44,0.02398,-0.20801,0.10031
8,0.38125,194.47435,45,-0.11178,-0.26103,0.05642
9,0.60946,190.32815,1,-0.01027,0.02267,0.42801
9,0.60946,190.32815,2,0.12509,0.09498,0.22669
9,0.60946,190.32815,3,0.35749,0.04318,0.14333
9,0.60946,190.32815,4,0.35176,0.10092,0.43663
9,0.60946,190.32815,5,0.27828,0.22076,0.57139
9,0.60946,190.32815,6,0.26912,0.19688,0.52146
9,0.60946,190.32815,7,0.26582,0.07292,0.60654
9,0.60946,190.32815,8,0.23269,0.09869,0.62384
9,0.60946,190.32815,9,0.14585,0.19071,0.58499
9,0.60946,190.32815,10,-0.07742,0.1118,0.58857
9,0.60946,190.32815,11,-0.05316,0.15245,0.63179
9,0.60946,190.32815,12,-0.00923,0.12904,0.61656
9,0.60946,190.32815,13,-0.0411,0.08802,0.46143
9,0.60946,190.32815,14,-0.22357,0.11588,0.49295
9,0.60946,190.32815,15,-0.18953,0.33595,0.47454
9,0.60946,190.32815,16,-0.22537,0.24234,0.4293
9,0.60946,190.32815,17,-0.33756,0.34155,0.44161
9,0.60946,190.32815,18,-0.20349,0.37994,0.35985
9,0.60946,190.32815,19,-0.33082,0.29666,0.37904
9,0.60946,190.32815,20,-0.58328,0.30761,0.2293
9,0.60946,190.32815,21,-0.60643,0.26167,0.27806
9,0.60946,190.32815,22,-0.57106,0.26415,0.10803
9,0.60946,190.32815,23,-0.38274,0.19019,0.08343
9,0.60946,190.32815,24,-0.41168,0.18978,0.16294
9,0.60946,190.32815,25,-0.29414,0.28674,0.09671
9,0.60946,190.32815,26,-0.05204,0.30583,0.17828
9,0.60946,190.32815,27,-0.16954,0.27142,0.28644
9,0.60946,190.32815,28,-0.09733,0.23501,0.30679
9,0.60946,190.32815,29,-0.00886,0.18355,0.33729
9,0.60946,190.32815,30,0.06513,0.12221,0.17099
9,0.60946,190.32815,31,-0.1297,0.04922,0.11088
9,0.60946,190.32815,32,-0.06702,-0.11375,0.10434
9,0.60946,190.32815,33,0.00231,-0.16224,0.25336
9,0.60946,190.32815,34,0.18237,-0.29501,0.25956
9,0.60946,190.32815,35,0.17954,-0.15342,0.17134
9,0.60946,190.32815,36,0.21648,-0.01787,0.17605
9,0.60946,190.32815,37,0.25028,-0.03465,0.0766
9,0.60946,190.32815,38,0.27481,-0.07506,0.34125
9,0.60946,190.32815,39,0.31475,-0.06565,0.15197
9,0.60946,190.32815,40,0.21765,-0.23458,0.18397
9,0.60946,190.32815,41,0.37237,-0.29987,0.14425
9,0.60946,190.32815,42,0.5867,-0.29955,0.11172
9,0.60946,190.32815,43,0.59605,-0.17706,0.08138
9,0.60946,190.32815,44,0.69534,-0.15433,0.16682
9,0.60946,190.32815,45,0.60884,-0.04508,0.34136
10,0.78681,196.36232,1,-0.01027,0.02267,0.42801
10,0.78681,196.36232,2,0.12509,0.09498,0.22669
10,0.78681,196.36232,3,0.35748,0.04317,0.1582
10,0.78681,196.36232,4,0.34031,0.1009,0.45642
10,0.78681,196.36232,5,0.26552,0.22071,0.59013
10,0.78681,196.36232,6,0.25648,0.1968,0.54001
10,0.78681,196.36232,7,0.25329,0.07281,0.62493
10,0.78681,196.36232,8,0.22027,0.09855,0.64209
10,0.78681,196.36232,9,0.13353,0.19055,0.60312
10,0.78681,196.36232,10,-0.08965,0.11162,0.6066
10,0.78681,196.36232,11,-0.06531,0.15225,0.64975
10,0.78681,196.36232,12,-0.02131,0.12882,0.63444
10,0.78681,196.36232,13,-0.05312,0.0878,0.47924
10,0.78681,196.36232,14,-0.23554,0.11566,0.51069
10,0.78681,196.36232,15,-0.20145,0.33573,0.4922
10,0.78681,196.36232,16,-0.23724,0.24212,0.44687
10,0.78681,196.36232,17,-0.34938,0.34134,0.45908
10,0.78681,196.36232,18,-0.21526,0.37975,0.3772
10,0.78681,196.36232,19,-0.34254,0.29648,0.39626
10,0.78681,196.36232,20,-0.58329,0.30762,0.24345
10,0.78681,196.36232,21,-0.60647,0.2617,0.29206
10,0.78681,196.36232,22,-0.57375,0.26426,0.10937
10,0.78681,196.36232,23,-0.38052,0.18986,0.10232
10,0.78681,196.36232,24,-0.41168,0.18943,0.18161
10,0.78681,196.36232,25,-0.29245,0.28614,0.10838
10,0.78681,196.36232,26,-0.04911,0.30505,0.18487
10,0.78681,196.36232,27,-0.16662,0.27064,0.293
10,0.78681,196.36232,28,-0.09443,0.23422,0.31334
10,0.78681,196.36232,29,-0.00597,0.18277,0.34381
10,0.78681,196.36232,30,0.06801,0.12143,0.17747
10,0.78681,196.36232,31,-0.1331,0.04882,0.1143
10,0.78681,196.36232,32,-0.07041,-0.11414,0.10775
10,0.78681,196.36232,33,-0.00105,-0.16263,0.25676
10,0.78681,196.36232,34,0.17902,-0.29539,0.26294
10,0.78681,196.36232,35,0.1762,-0.15381,0.17471
10,0.78681,196.36232,36,0.21316,-0.01825,0.1794
10,0.78681,196.36232,37,0.24622,-0.03486,0.07999
10,0.78681,196.36232,38,0.27077,-0.07527,0.34462
10,0.78681,196.36232,39,0.31073,-0.06586,0.15531
10,0.78681,196.36232,40,0.21364,-0.23479,0.1873
10,0.78681,196.36232,41,0.36838,-0.30008,0.14757
10,0.78681,196.36232,42,0.5867,-0.29987,0.11403
10,0.78681,196.36232,43,0.58019,-0.36969,0.09071
10,0.78681,196.36232,44,0.62205,-0.30085,0.14129
10,0.78681,196.36232,45,0.64198,-0.41561,0.16097
11,0.4806,198.15714,1,-0.01027,0.02267,0.42801
11,0.4806,198.15714,2,0.12509,0.09498,0.22669
11,0.4806,198.15714,3,0.3575,0.04318,0.13252
11,0.4806,198.15714,4,0.3601,0.10094,0.42223
11,0.4806,198.15714,5,0.28757,0.2208,0.55774
11,0.4806,198.15714,6,0.27834,0.19694,0.50792
11,0.4806,198.15714,7,0.27497,0.07299,0.59309
11,0.4806,198.15714,8,0.24179,0.09878,0.61047
11,0.4806,198.15714,9,0.15489,0.19082,0.57169
11,0.4806,198.15714,10,-0.06843,0.11192,0.57533
11,0.4806,198.15714,11,-0.04422,0.15258,0.6186
11,0.4806,198.15714,12,-0.00033,0.12917,0.60341
11,0.4806,198.15714,13,-0.03223,0.08816,0.44834
11,0.4806,198.15714,14,-0.21474,0.11602,0.47992
11,0.4806,198.15714,15,-0.18073,0.33608,0.46157
11,0.4806,198.15714,16,-0.2166,0.24246,0.41641
11,0.4806,198.15714,17,-0.32882,0.34166,0.42881
11,0.4806,198.15714,18,-0.19479,0.38004,0.34716
11,0.4806,198.15714,19,-0.32216,0.29675,0.36646
11,0.4806,198.15714,20,-0.58327,0.30759,0.21899
11,0.4806,198.15714,21,-0.6064,0.26164,0.26788
11,0.4806,198.15714,22,-0.57201,0.26424,0.10867
11,0.4806,198.15714,23,-0.3847,0.18966,0.09373
11,0.4806,198.15714,24,-0.41168,0.18924,0.17312
11,0.4806,198.15714,25,-0.29244,0.28595,0.09993
11,0.4806,198.15714,26,-0.0491,0.30486,0.17645
11,0.4806,198.15714,27,-0.16661,0.27045,0.28462
11,0.4806,198.15714,28,-0.09443,0.23404,0.30498
11,0.4806,198.15714,29,-0.00598,0.18258,0.3355
11,0.4806,198.15714,30,0.06799,0.12124,0.16921
11,0.4806,198.15714,31,-0.1321,0.04909,0.10698
11,0.4806,198.15714,32,-0.06941,-0.11388,0.10046
11,0.4806,198.15714,33,-6.0e-5,-0.16236,0.24949
11,0.4806,198.15714,34,0.11912,-0.10225,0.27353
11,0.4806,198.15714,35,0.13713,-0.12051,0.09574
11,0.4806,198.15714,36,0.2831,-0.22897,0.16134
11,0.4806,198.15714,37,0.21568,-0.27311,0.22288
11,0.4806,198.15714,38,0.31387,-0.23466,0.17234
11,0.4806,198.15714,39,0.36911,-0.26378,0.18086
11,0.4806,198.15714,40,0.39001,-0.18826,0.10429
11,0.4806,198.15714,41,0.40218,-0.37018,0.1036
11,0.4806,198.15714,42,0.20925,-0.26838,0.09771
11,0.4806,198.15714,43,0.20133,-0.14474,0.05318
11,0.4806,198.15714,44,0.1967,-0.28336,0.08018
11,0.4806,198.15714,45,0.09039,-0.17041,0.14806
12,0.41456,199.27051,1,-0.01027,0.02267,0.42801
12,0.41456,199.27051,2,0.12509,0.09498,0.22669
12,0.41456,199.27051,3,0.3575,0.04318,0.12698
12,0.41456,199.27051,4,0.36437,0.10094,0.41484
12,0.41456,199.27051,5,0.29235,0.22082,0.55073
12,0.41456,199.27051,6,0.28308,0.19697,0.50096
12,0.41456,199.27051,7,0.27968,0.07303,0.58617
12,0.41456,199.27051,8,0.24647,0.09883,0.60359
12,0.41456,199.27051,9,0.15955,0.19087,0.56484
12,0.41456,199.27051,10,-0.06379,0.11198,0.5685
12,0.41456,199.27051,11,-0.0396,0.15264,0.6118
12,0.41456,199.27051,12,0.00427,0.12924,0.59663
12,0.41456,199.27051,13,-0.02764,0.08822,0.44158
12,0.41456,199.27051,14,-0.21017,0.11607,0.4732
12,0.41456,199.27051,15,-0.17618,0.33613,0.45489
12,0.41456,199.27051,16,-0.21207,0.24251,0.40978
12,0.41456,199.27051,17,-0.32431,0.3417,0.42223
12,0.41456,199.27051,18,-0.19029,0.38007,0.34064
12,0.41456,199.27051,19,-0.31769,0.29678,0.36
12,0.41456,199.27051,20,-0.58326,0.30757,0.21371
12,0.41456,199.27051,21,-0.60638,0.26162,0.26266
12,0.41456,199.27051,22,-0.57252,0.26428,0.10475
12,0.41456,199.27051,23,-0.38582,0.18962,0.09313
12,0.41456,199.27051,24,-0.41168,0.1892,0.17253
12,0.41456,199.27051,25,-0.29244,0.28591,0.09937
12,0.41456,199.27051,26,-0.04918,0.30484,0.1762
12,0.41456,199.27051,27,-0.1667,0.27043,0.28437
12,0.41456,199.27051,28,-0.09451,0.23401,0.30474
12,0.41456,199.27051,29,-0.00606,0.18256,0.33525
12,0.41456,199.27051,30,0.06791,0.12122,0.16896
12,0.41456,199.27051,31,-0.13196,0.04911,0.10475
12,0.41456,199.27051,32,-0.06934,-0.11389,0.09899
12,0.41456,199.27051,33,-0.00015,-0.16246,0.25099
12,0.41456,199.27051,34,0.11904,-0.10235,0.27503
12,0.41456,199.27051,35,0.13726,-0.1205,0.09445
12,0.41456,199.27051,36,0.28322,-0.22896,0.16005
12,0.41456,199.27051,37,0.21581,-0.27309,0.2216
12,0.41456,199.27051,38,0.314,-0.23465,0.17106
12,0.41456,199.27051,39,0.36924,-0.26376,0.17958
12,0.41456,199.27051,40,0.39001,-0.18823,0.10306
12,0.41456,199.27051,41,0.40218,-0.37021,0.10205
12,0.41456,199.27051,42,0.20955,-0.26839,0.09737
12,0.41456,199.27051,43,0.20137,-0.14477,0.05318
12,0.41456,199.27051,44,0.19673,-0.28339,0.08018
12,0.41456,199.27051,45,0.2239,-0.35122,0.20055
13,0.37982,192.33109,1,-0.01027,0.02267,0.42801
13,0.37982,192.33109,2,0.12509,0.09498,0.22669
13,0.37982,192.33109,3,0.3575,0.04318,0.12407
13,0.37982,192.33109,4,0.36662,0.10095,0.41095
13,0.37982,192.33109,5,0.29486,0.22083,0.54703
13,0.37982,192.33109,6,0.28558,0.19698,0.49729
13,0.37982,192.33109,7,0.28217,0.07305,0.58253
13,0.37982,192.33109,8,0.24894,0.09885,0.59996
13,0.37982,192.33109,9,0.162,0.1909,0.56123
13,0.37982,192.33109,10,-0.06134,0.11201,0.5649
13,0.37982,192.33109,11,-0.03716,0.15267,0.60821
13,0.37982,192.33109,12,0.0067,0.12926,0.59306
13,0.37982,192.33109,13,-0.02522,0.08824,0.43802
13,0.37982,192.33109,14,-0.20776,0.1161,0.46965
13,0.37982,192.33109,15,-0.17377,0.33615,0.45137
13,0.37982,192.33109,16,-0.20967,0.24253,0.40629
13,0.37982,192.33109,17,-0.32192,0.34171,0.41877
13,0.37982,192.33109,18,-0.18792,0.38009,0.3372
13,0.37982,192.33109,19,-0.31533,0.29679,0.35661
13,0.37982,192.33109,20,-0.58326,0.30756,0.21094
13,0.37982,192.33109,21,-0.60637,0.26161,0.25992
13,0.37982,192.33109,22,-0.5728,0.2643,0.10264
13,0.37982,192.33109,23,-0.38645,0.1896,0.09272
13,0.37982,192.33109,24,-0.41168,0.18918,0.17213
13,0.37982,192.33109,25,-0.29246,0.2859,0.09905
13,0.37982,192.33109,26,-0.04934,0.30484,0.17646
13,0.37982,192.33109,27,-0.16686,0.27043,0.28462
13,0.37982,192.33109,28,-0.09467,0.23402,0.30499
13,0.37982,192.33109,29,-0.00622,0.18257,0.3355
13,0.37982,192.33109,30,0.06776,0.12122,0.16921
13,0.37982,192.33109,31,-0.13187,0.04913,0.10351
13,0.37982,192.33109,32,-0.06927,-0.11389,0.09845
13,0.37982,192.33109,33,-6.0e-5,-0.16245,0.25142
13,0.37982,192.33109,34,0.11912,-0.10234,0.27546
13,0.37982,192.33109,35,0.13735,-0.12048,0.09388
13,0.37982,192.33109,36,0.28331,-0.22894,0.15948
13,0.37982,192.33109,37,0.21589,-0.27307,0.22103
13,0.37982,192.33109,38,0.31409,-0.23463,0.1705
13,0.37982,192.33109,39,0.36932,-0.26375,0.17902
13,0.37982,192.33109,40,0.39001,-0.18821,0.10253
13,0.37982,192.33109,41,0.40218,-0.37023,0.10118
13,0.37982,192.33109,42,0.20974,-0.2684,0.09726
13,0.37982,192.33109,43,0.24059,-0.2829,0.08424
13,0.37982,192.33109,44,0.02398,-0.20801,0.10031
13,0.37982,192.33109,45,-0.11319,-0.17817,0.03198
14,0.8743,197.72737,1,-0.01027,0.02267,0.42801
14,0.8743,197.72737,2,0.12509,0.09498,0.22669
14,0.8743,197.72737,3,0.35747,0.04317,0.16553
14,0.8743,197.72737,4,0.33467,0.10088,0.46617
14,0.8743,197.72737,5,0.25925,0.22068,0.59935
14,0.8743,197.72737,6,0.25027,0.19676,0.54913
14,0.8743,197.72737,7,0.24715,0.07275,0.63396
14,0.8743,197.72737,8,0.21419,0.09848,0.65103
14,0.8743,197.72737,9,0.1275,0.19047,0.612
14,0.8743,197.72737,10,-0.09563,0.11153,0.61542
14,0.8743,197.72737,11,-0.07125,0.15215,0.65851
14,0.8743,197.72737,12,-0.0272,0.12871,0.64316
14,0.8743,197.72737,13,-0.05897,0.08768,0.48792
14,0.8743,197.72737,14,-0.24136,0.11554,0.51934
14,0.8743,197.72737,15,-0.20724,0.3356,0.50081
14,0.8743,197.72737,16,-0.243,0.242,0.45545
14,0.8743,197.72737,17,-0.35511,0.34122,0.46761
14,0.8743,197.72737,18,-0.22097,0.37963,0.38568
14,0.8743,197.72737,19,-0.34823,0.29637,0.40468
14,0.8743,197.72737,20,-0.5833,0.30762,0.25039
14,0.8743,197.72737,21,-0.6065,0.2617,0.29894
14,0.8743,197.72737,22,-0.5734,0.26422,0.1084
14,0.8743,197.72737,23,-0.37956,0.19007,0.08343
14,0.8743,197.72737,24,-0.41168,0.18966,0.16294
14,0.8743,197.72737,25,-0.29414,0.28664,0.09671
14,0.8743,197.72737,26,-0.05203,0.30574,0.17828
14,0.8743,197.72737,27,-0.16953,0.27133,0.28644
14,0.8743,197.72737,28,-0.09733,0.23491,0.30679
14,0.8743,197.72737,29,-0.00886,0.18346,0.33729
14,0.8743,197.72737,30,0.06513,0.12211,0.17099
14,0.8743,197.72737,31,-0.1297,0.04926,0.11977
14,0.8743,197.72737,32,-0.06703,-0.11371,0.1132
14,0.8743,197.72737,33,0.0023,-0.1622,0.26219
14,0.8743,197.72737,34,0.12149,-0.10209,0.2862
14,0.8743,197.72737,35,0.13942,-0.12037,0.09608
14,0.8743,197.72737,36,0.28538,-0.22883,0.16167
14,0.8743,197.72737,37,0.21795,-0.27297,0.22321
14,0.8743,197.72737,38,0.26565,-0.38178,0.09705
14,0.8743,197.72737,39,0.34237,-0.3517,0.18899
14,0.8743,197.72737,40,0.35067,-0.40837,0.15134
14,0.8743,197.72737,41,0.22842,-0.32487,0.25234
14,0.8743,197.72737,42,0.22156,-0.34268,0.14148
14,0.8743,197.72737,43,0.2052,-0.2894,0.09292
14,0.8743,197.72737,44,0.11425,-0.23383,0.18155
14,0.8743,197.72737,45,0.26734,-0.16525,0.08649
15,0.85519,194.96528,1,-0.01027,0.02267,0.42801
15,0.85519,194.96528,2,0.12509,0.09498,0.22669
15,0.85519,194.96528,3,0.35747,0.04317,0.16393
15,0.85519,194.96528,4,0.33591,0.10089,0.46404
15,0.85519,194.96528,5,0.26062,0.22069,0.59734
15,0.85519,194.96528,6,0.25163,0.19677,0.54714
15,0.85519,194.96528,7,0.24849,0.07276,0.63199
15,0.85519,194.96528,8,0.21552,0.0985,0.64908
15,0.85519,194.96528,9,0.12881,0.19049,0.61006
15,0.85519,194.96528,10,-0.09433,0.11155,0.6135
15,0.85519,194.96528,11,-0.06995,0.15217,0.6566
15,0.85519,194.96528,12,-0.02592,0.12874,0.64126
15,0.85519,194.96528,13,-0.0577,0.08771,0.48603
15,0.85519,194.96528,14,-0.24009,0.11556,0.51746
15,0.85519,194.96528,15,-0.20598,0.33563,0.49894
15,0.85519,194.96528,16,-0.24175,0.24203,0.45358
15,0.85519,194.96528,17,-0.35387,0.34125,0.46575
15,0.85519,194.96528,18,-0.21973,0.37965,0.38383
15,0.85519,194.96528,19,-0.34699,0.29639,0.40284
15,0.85519,194.96528,20,-0.5833,0.30762,0.24888
15,0.85519,194.96528,21,-0.60649,0.2617,0.29744
15,0.85519,194.96528,22,-0.57347,0.26423,0.10943
15,0.85519,194.96528,23,-0.37978,0.18993,0.08892
15,0.85519,194.96528,24,-0.41168,0.18951,0.16838
15,0.85519,194.96528,25,-0.29292,0.2863,0.09717
15,0.85519,194.96528,26,-0.05062,0.30537,0.17792
15,0.85519,194.96528,27,-0.16813,0.27095,0.28608
15,0.85519,194.96528,28,-0.09593,0.23454,0.30644
15,0.85519,194.96528,29,-0.00747,0.18308,0.33695
15,0.85519,194.96528,30,0.06651,0.12174,0.17065
15,0.85519,194.96528,31,-0.13102,0.04918,0.11927
15,0.85519,194.96528,32,-0.06834,-0.11379,0.11271
15,0.85519,194.96528,33,0.00099,-0.16228,0.2617
15,0.85519,194.96528,34,0.18107,-0.29505,0.26787
15,0.85519,194.96528,35,0.17825,-0.15346,0.17962
15,0.85519,194.96528,36,0.2152,-0.01791,0.18429
15,0.85519,194.96528,37,0.24905,-0.03468,0.07961
15,0.85519,194.96528,38,0.27358,-0.07509,0.34424
15,0.85519,194.96528,39,0.31353,-0.06567,0.15493
15,0.85519,194.96528,40,0.21643,-0.2346,0.18692
15,0.85519,194.96528,41,0.30724,-0.29567,0.18286
15,0.85519,194.96528,42,0.34942,-0.20902,0.23161
15,0.85519,194.96528,43,0.39957,-0.14994,0.22499
15,0.85519,194.96528,44,0.33517,-0.11654,0.2836
15,0.85519,194.96528,45,0.32609,-0.23471,0.33509
16,0.30553,190.29355,1,-0.01027,0.02267,0.42801
16,0.30553,190.29355,2,0.12509,0.09498,0.22669
16,0.30553,190.29355,3,0.3575,0.04318,0.11784
16,0.30553,190.29355,4,0.37143,0.10096,0.40264
16,0.30553,190.29355,5,0.30024,0.22085,0.53913
16,0.30553,190.29355,6,0.29092,0.19701,0.48944
16,0.30553,190.29355,7,0.28748,0.07309,0.57472
16,0.30553,190.29355,8,0.25423,0.0989,0.59218
16,0.30553,190.29355,9,0.16727,0.19095,0.55347
16,0.30553,190.29355,10,-0.05609,0.11207,0.55717
16,0.30553,190.29355,11,-0.03193,0.15273,0.60051
16,0.30553,190.29355,12,0.01191,0.12932,0.58539
16,0.30553,190.29355,13,-0.02002,0.08829,0.43039
16,0.30553,190.29355,14,-0.20257,0.11614,0.46207
16,0.30553,190.29355,15,-0.16861,0.33619,0.44384
16,0.30553,190.29355,16,-0.20453,0.24256,0.39881
16,0.30553,190.29355,17,-0.31681,0.34174,0.41135
16,0.30553,190.29355,18,-0.18283,0.3801,0.32986
16,0.30553,190.29355,19,-0.31027,0.29679,0.34935
16,0.30553,190.29355,20,-0.58325,0.30753,0.20502
16,0.30553,190.29355,21,-0.60635,0.26157,0.25408
16,0.30553,190.29355,22,-0.57342,0.26434,0.09804
16,0.30553,190.29355,23,-0.38788,0.18956,0.09163
16,0.30553,190.29355,24,-0.41168,0.18914,0.17106
16,0.30553,190.29355,25,-0.29254,0.28587,0.0983
16,0.30553,190.29355,26,-0.04974,0.30487,0.17704
16,0.30553,190.29355,27,-0.16726,0.27046,0.2852
16,0.30553,190.29355,28,-0.09507,0.23405,0.30557
16,0.30553,190.29355,29,-0.00661,0.18259,0.33608
16,0.30553,190.29355,30,0.06736,0.12125,0.16979
16,0.30553,190.29355,31,-0.13162,0.04917,0.10086
16,0.30553,190.29355,32,-0.06908,-0.11387,0.09781
16,0.30553,190.29355,33,0.00017,-0.16241,0.25191
16,0.30553,190.29355,34,0.18024,-0.29518,0.25811
16,0.30553,190.29355,35,0.17742,-0.15359,0.1699
16,0.30553,190.29355,36,0.21437,-0.01804,0.17461
16,0.30553,190.29355,37,0.24846,-0.03468,0.06876
16,0.30553,190.29355,38,0.27301,-0.07509,0.33349
16,0.30553,190.29355,39,0.31298,-0.06567,0.14426
16,0.30553,190.29355,40,0.21589,-0.23459,0.17631
16,0.30553,190.29355,41,0.30671,-0.29566,0.17231
16,0.30553,190.29355,42,0.3489,-0.209,0.2211
16,0.30553,190.29355,43,0.28661,-0.23837,0.21016
16,0.30553,190.29355,44,0.27728,-0.33249,0.33175
16,0.30553,190.29355,45,0.31007,-0.12671,0.22023
17,0.65284,190.27955,1,-0.01027,0.02267,0.42801
17,0.65284,190.27955,2,0.12509,0.09498,0.22669
17,0.65284,190.27955,3,0.35749,0.04317,0.14697
17,0.65284,190.27955,4,0.34896,0.10091,0.44147
17,0.65284,190.27955,5,0.27515,0.22075,0.57598
17,0.65284,190.27955,6,0.26602,0.19686,0.52601
17,0.65284,190.27955,7,0.26275,0.07289,0.61105
17,0.65284,190.27955,8,0.22965,0.09865,0.62832
17,0.65284,190.27955,9,0.14282,0.19067,0.58944
17,0.65284,190.27955,10,-0.08042,0.11176,0.593
17,0.65284,190.27955,11,-0.05615,0.1524,0.63621
17,0.65284,190.27955,12,-0.0122,0.12899,0.62095
17,0.65284,190.27955,13,-0.04406,0.08797,0.46581
17,0.65284,190.27955,14,-0.22652,0.11583,0.49731
17,0.65284,190.27955,15,-0.19247,0.3359,0.47888
17,0.65284,190.27955,16,-0.2283,0.24229,0.43362
17,0.65284,190.27955,17,-0.34047,0.3415,0.4459
17,0.65284,190.27955,18,-0.20639,0.3799,0.36411
17,0.65284,190.27955,19,-0.33371,0.29662,0.38327
17,0.65284,190.27955,20,-0.58328,0.30762,0.23277
17,0.65284,190.27955,21,-0.60644,0.26168,0.28149
17,0.65284,190.27955,22,-0.57433,0.26433,0.10137
17,0.65284,190.27955,23,-0.38215,0.18976,0.10352
17,0.65284,190.27955,24,-0.41168,0.18932,0.18279
17,0.65284,190.27955,25,-0.29245,0.28603,0.10955
17,0.65284,190.27955,26,-0.04911,0.30494,0.18604
17,0.65284,190.27955,27,-0.16662,0.27053,0.29417
17,0.65284,190.27955,28,-0.09443,0.23412,0.31449
17,0.65284,190.27955,29,-0.00597,0.18267,0.34496
17,0.65284,190.27955,30,0.06802,0.12133,0.17862
17,0.65284,190.27955,31,-0.1317,0.04862,0.10986
17,0.65284,190.27955,32,-0.06901,-0.11435,0.10333
17,0.65284,190.27955,33,0.00033,-0.16283,0.25235
17,0.65284,190.27955,34,0.11952,-0.10272,0.27639
17,0.65284,190.27955,35,0.13507,-0.12064,0.09738
17,0.65284,190.27955,36,0.28105,-0.2291,0.16296
17,0.65284,190.27955,37,0.21364,-0.27323,0.2245
17,0.65284,190.27955,38,0.23284,-0.22115,0.20406
17,0.65284,190.27955,39,0.24371,-0.03566,0.16
17,0.65284,190.27955,40,0.38841,0.05758,0.1488
17,0.65284,190.27955,41,0.31094,0.04305,0.10515
17,0.65284,190.27955,42,0.37726,-0.04616,0.14571
17,0.65284,190.27955,43,0.41485,-0.03064,0.15973
17,0.65284,190.27955,44,0.28215,0.0057,0.23165
17,0.65284,190.27955,45,0.21683,0.06847,0.45057
18,0.41456,197.66356,1,-0.01027,0.02267,0.42801
18,0.41456,197.66356,2,0.12509,0.09498,0.22669
18,0.41456,197.66356,3,0.3575,0.04318,0.12698
18,0.41456,197.66356,4,0.36437,0.10094,0.41484
18,0.41456,197.66356,5,0.29235,0.22082,0.55073
18,0.41456,197.66356,6,0.28308,0.19697,0.50096
18,0.41456,197.66356,7,0.27968,0.07303,0.58617
18,0.41456,197.66356,8,0.24647,0.09883,0.60359
18,0.41456,197.66356,9,0.15955,0.19087,0.56484
18,0.41456,197.66356,10,-0.06379,0.11198,0.5685
18,0.41456,197.66356,11,-0.0396,0.15264,0.6118
18,0.41456,197.66356,12,0.00427,0.12924,0.59663
18,0.41456,197.66356,13,-0.02764,0.08822,0.44158
18,0.41456,197.66356,14,-0.21017,0.11607,0.4732
18,0.41456,197.66356,15,-0.17618,0.33613,0.45489
18,0.41456,197.66356,16,-0.21207,0.24251,0.40978
18,0.41456,197.66356,17,-0.32431,0.3417,0.42223
18,0.41456,197.66356,18,-0.19029,0.38007,0.34064
18,0.41456,197.66356,19,-0.31769,0.29678,0.36
18,0.41456,197.66356,20,-0.58326,0.30757,0.21371
18,0.41456,197.66356,21,-0.60638,0.26162,0.26266
18,0.41456,197.66356,22,-0.57252,0.26428,0.10475
18,0.41456,197.66356,23,-0.38582,0.18962,0.09313
18,0.41456,197.66356,24,-0.41168,0.1892,0.17253
18,0.41456,197.66356,25,-0.29244,0.28591,0.09937
18,0.41456,197.66356,26,-0.04918,0.30484,0.1762
18,0.41456,197.66356,27,-0.1667,0.27043,0.28437
18,0.41456,197.66356,28,-0.09451,0.23401,0.30474
18,0.41456,197.66356,29,-0.00606,0.18256,0.33525
18,0.41456,197.66356,30,0.06791,0.12122,0.16896
18,0.41456,197.66356,31,-0.13196,0.04911,0.10475
18,0.41456,197.66356,32,-0.06934,-0.11389,0.09899
18,0.41456,197.66356,33,-0.00015,-0.16246,0.25099
18,0.41456,197.66356,34,0.11904,-0.10235,0.27503
18,0.41456,197.66356,35,0.13726,-0.1205,0.09445
18,0.41456,197.66356,36,0.28322,-0.22896,0.16005
18,0.41456,197.66356,37,0.21581,-0.27309,0.2216
18,0.41456,197.66356,38,0.314,-0.23465,0.17106
18,0.41456,197.66356,39,0.36924,-0.26376,0.17958
18,0.41456,197.66356,40,0.39001,-0.18823,0.10306
18,0.41456,197.66356,41,0.40218,-0.37021,0.10205
18,0.41456,197.66356,42,0.20955,-0.26839,0.09737
18,0.41456,197.66356,43,0.20137,-0.14477,0.05318
18,0.41456,197.66356,44,0.19673,-0.28339,0.08018
18,0.41456,197.66356,45,0.3775,-0.30134,0.08062
19,0.55901,190.1798,1,-0.01027,0.02267,0.42801
19,0.55901,190.1798,2,0.12509,0.09498,0.22669
19,0.55901,190.1798,3,0.35749,0.04318,0.1391
19,0.55901,190.1798,4,0.35503,0.10093,0.43099
19,0.55901,190.1798,5,0.28192,0.22078,0.56605
19,0.55901,190.1798,6,0.27272,0.1969,0.51616
19,0.55901,190.1798,7,0.2694,0.07295,0.60128
19,0.55901,190.1798,8,0.23625,0.09872,0.61861
19,0.55901,190.1798,9,0.14938,0.19075,0.57979
19,0.55901,190.1798,10,-0.07391,0.11185,0.5834
19,0.55901,190.1798,11,-0.04967,0.1525,0.62664
19,0.55901,190.1798,12,-0.00576,0.12909,0.61143
19,0.55901,190.1798,13,-0.03764,0.08808,0.45632
19,0.55901,190.1798,14,-0.22013,0.11594,0.48786
19,0.55901,190.1798,15,-0.1861,0.336,0.46947
19,0.55901,190.1798,16,-0.22195,0.24239,0.42427
19,0.55901,190.1798,17,-0.33415,0.3416,0.43661
19,0.55901,190.1798,18,-0.20009,0.37999,0.35489
19,0.55901,190.1798,19,-0.32744,0.2967,0.37412
19,0.55901,190.1798,20,-0.58327,0.30761,0.22526
19,0.55901,190.1798,21,-0.60642,0.26166,0.27407
19,0.55901,190.1798,22,-0.57142,0.26419,0.11247
19,0.55901,190.1798,23,-0.38347,0.18971,0.09262
19,0.55901,190.1798,24,-0.41168,0.18929,0.17203
19,0.55901,190.1798,25,-0.29247,0.28601,0.09897
19,0.55901,190.1798,26,-0.04938,0.30496,0.17652
19,0.55901,190.1798,27,-0.16689,0.27055,0.28468
19,0.55901,190.1798,28,-0.09471,0.23413,0.30505
19,0.55901,190.1798,29,-0.00626,0.18268,0.33556
19,0.55901,190.1798,30,0.06772,0.12134,0.16927
19,0.55901,190.1798,31,-0.13185,0.0491,0.10966
19,0.55901,190.1798,32,-0.06917,-0.11386,0.10313
19,0.55901,190.1798,33,0.00018,-0.16235,0.25215
19,0.55901,190.1798,34,0.18025,-0.29512,0.25835
19,0.55901,190.1798,35,0.17743,-0.15353,0.17014
19,0.55901,190.1798,36,0.21437,-0.01798,0.17485
19,0.55901,190.1798,37,0.24826,-0.03474,0.07559
19,0.55901,190.1798,38,0.2728,-0.07515,0.34026
19,0.55901,190.1798,39,0.31276,-0.06573,0.15098
19,0.55901,190.1798,40,0.21567,-0.23466,0.183
19,0.55901,190.1798,41,0.3704,-0.29995,0.14329
19,0.55901,190.1798,42,0.5867,-0.29975,0.11028
19,0.55901,190.1798,43,0.63897,-0.38623,0.10155
19,0.55901,190.1798,44,0.73541,-0.24292,0.29637
19,0.55901,190.1798,45,0.81097,-0.1738,0.14749
20,0.65324,187.25392,1,-0.01027,0.02267,0.42801
20,0.65324,187.25392,2,0.12509,0.09498,0.22669
20,0.65324,187.25392,3,0.35749,0.04317,0.147
20,0.65324,187.25392,4,0.34894,0.10091,0.44152
20,0.65324,187.25392,5,0.27513,0.22075,0.57602
20,0.65324,187.25392,6,0.26599,0.19686,0.52605
20,0.65324,187.25392,7,0.26272,0.07289,0.61109
20,0.65324,187.25392,8,0.22962,0.09865,0.62836
20,0.65324,187.25392,9,0.1428,0.19067,0.58948
20,0.65324,187.25392,10,-0.08045,0.11176,0.59304
20,0.65324,187.25392,11,-0.05617,0.1524,0.63625
20,0.65324,187.25392,12,-0.01223,0.12899,0.621
20,0.65324,187.25392,13,-0.04409,0.08797,0.46585
20,0.65324,187.25392,14,-0.22655,0.11583,0.49735
20,0.65324,187.25392,15,-0.1925,0.3359,0.47892
20,0.65324,187.25392,16,-0.22832,0.24229,0.43366
20,0.65324,187.25392,17,-0.3405,0.3415,0.44594
20,0.65324,187.25392,18,-0.20642,0.3799,0.36415
20,0.65324,187.25392,19,-0.33374,0.29662,0.38331
20,0.65324,187.25392,20,-0.58328,0.30762,0.2328
20,0.65324,187.25392,21,-0.60644,0.26168,0.28152
20,0.65324,187.25392,22,-0.57433,0.26433,0.1014
20,0.65324,187.25392,23,-0.38215,0.18976,0.10352
20,0.65324,187.25392,24,-0.41168,0.18932,0.18279
20,0.65324,187.25392,25,-0.29245,0.28603,0.10955
20,0.65324,187.25392,26,-0.04911,0.30494,0.18604
20,0.65324,187.25392,27,-0.16662,0.27053,0.29416
20,0.65324,187.25392,28,-0.09443,0.23412,0.31449
20,0.65324,187.25392,29,-0.00597,0.18267,0.34496
20,0.65324,187.25392,30,0.06802,0.12133,0.17862
20,0.65324,187.25392,31,-0.1317,0.04862,0.10987
20,0.65324,187.25392,32,-0.06902,-0.11435,0.10334
20,0.65324,187.25392,33,0.00032,-0.16283,0.25236
20,0.65324,187.25392,34,0.1804,-0.2956,0.25856
20,0.65324,187.25392,35,0.17757,-0.15401,0.17035
20,0.65324,187.25392,36,0.21452,-0.01845,0.17505
20,0.65324,187.25392,37,0.24607,-0.03486,0.07808
20,0.65324,187.25392,38,0.27062,-0.07527,0.34273
20,0.65324,187.25392,39,0.31059,-0.06585,0.15344
20,0.65324,187.25392,40,0.2135,-0.23478,0.18544
20,0.65324,187.25392,41,0.21618,-0.27818,0.04696
20,0.65324,187.25392,42,0.1194,-0.16699,0.14723
20,0.65324,187.25392,43,0.10714,-0.36327,0.14591
20,0.65324,187.25392,44,0.27941,-0.20595,0.26455
20,0.65324,187.25392,45,0.33112,-0.215,0.37442
