particle,elasticity,weight,frame,x,y,z
1,0.8883,-24.54606,1,0.3569,0.15646,0.43963
1,0.8883,-24.54606,2,0.29367,-0.01197,0.66405
1,0.8883,-24.54606,3,0.23125,-0.17828,0.87192
1,0.8883,-24.54606,4,0.16503,-0.30362,0.89994
1,0.8883,-24.54606,5,0.09798,-0.40515,0.81772
1,0.8883,-24.54606,6,0.03939,-0.398,0.69887
1,0.8883,-24.54606,7,-0.01778,-0.37747,0.56418
1,0.8883,-24.54606,8,-0.07452,-0.35709,0.41677
1,0.8883,-24.54606,9,-0.13081,-0.33687,0.25681
1,0.8883,-24.54606,10,-0.18662,-0.31683,0.08446
1,0.8883,-24.54606,11,-0.24469,-0.28299,0.12844
1,0.8883,-24.54606,12,-0.30249,-0.24969,0.20607
1,0.8883,-24.54606,13,-0.35999,-0.21656,0.26952
1,0.8883,-24.54606,14,-0.40628,-0.18632,0.31861
1,0.8883,-24.54606,15,-0.36527,-0.17788,0.35162
1,0.8883,-24.54606,16,-0.32441,-0.16947,0.37073
1,0.8883,-24.54606,17,-0.28368,-0.16108,0.376
1,0.8883,-24.54606,18,-0.24308,-0.15272,0.36748
1,0.8883,-24.54606,19,-0.20261,-0.14439,0.34522
1,0.8883,-24.54606,20,-0.16228,-0.13609,0.30926
1,0.8883,-24.54606,21,-0.12211,-0.12782,0.25966
1,0.8883,-24.54606,22,-0.08211,-0.11959,0.19651
1,0.8883,-24.54606,23,-0.04229,-0.11139,0.11989
1,0.8883,-24.54606,24,0.00053,-0.11303,0.07186
1,0.8883,-24.54606,25,0.04341,-0.13094,0.0864
1,0.8883,-24.54606,26,0.08361,-0.14966,0.09786
1,0.8883,-24.54606,27,0.12367,-0.16831,0.09551
1,0.8883,-24.54606,28,0.16362,-0.18614,0.08303
1,0.8883,-24.54606,29,0.20351,-0.20126,0.06951
1,0.8883,-24.54606,30,0.24128,-0.21791,0.05326
1,0.8883,-24.54606,31,0.2707,-0.23316,0.05964
1,0.8883,-24.54606,32,0.29878,-0.24818,0.05729
1,0.8883,-24.54606,33,0.3252,-0.26192,0.05097
1,0.8883,-24.54606,34,0.34679,-0.27411,0.05207
1,0.8883,-24.54606,35,0.36578,-0.28516,0.05072
1,0.8883,-24.54606,36,0.38174,-0.29496,0.04867
1,0.8883,-24.54606,37,0.39426,-0.30326,0.04782
1,0.8883,-24.54606,38,0.40342,-0.30992,0.04848
1,0.8883,-24.54606,39,0.41019,-0.31478,0.04814
1,0.8883,-24.54606,40,0.41409,-0.3177,0.04854
1,0.8883,-24.54606,41,0.41543,-0.31852,0.04919
1,0.8883,-24.54606,42,0.41536,-0.3185,0.04961
1,0.8883,-24.54606,43,0.41531,-0.31848,0.04981
1,0.8883,-24.54606,44,0.4153,-0.3185,0.0499
1,0.8883,-24.54606,45,0.4153,-0.3185,0.04995
1,0.8883,-24.54606,46,0.4153,-0.31851,0.04997
1,0.8883,-24.54606,47,0.4153,-0.31851,0.04998
1,0.8883,-24.54606,48,0.4153,-0.31851,0.04998
1,0.8883,-24.54606,49,0.4153,-0.31851,0.04998
2,0.8883,-24.54606,1,0.3569,0.15646,0.43963
2,0.8883,-24.54606,2,0.29367,-0.01197,0.66405
2,0.8883,-24.54606,3,0.23125,-0.17828,0.87192
2,0.8883,-24.54606,4,0.16503,-0.30362,0.89994
2,0.8883,-24.54606,5,0.09798,-0.40515,0.81772
2,0.8883,-24.54606,6,0.03939,-0.398,0.69887
2,0.8883,-24.54606,7,-0.01778,-0.37747,0.56418
2,0.8883,-24.54606,8,-0.07452,-0.35709,0.41677
2,0.8883,-24.54606,9,-0.13081,-0.33687,0.25681
2,0.8883,-24.54606,10,-0.18662,-0.31683,0.08446
2,0.8883,-24.54606,11,-0.24469,-0.28299,0.12844
2,0.8883,-24.54606,12,-0.30249,-0.24969,0.20607
2,0.8883,-24.54606,13,-0.35999,-0.21656,0.26952
2,0.8883,-24.54606,14,-0.40628,-0.18632,0.31861
2,0.8883,-24.54606,15,-0.36527,-0.17788,0.35162
2,0.8883,-24.54606,16,-0.32441,-0.16947,0.37073
2,0.8883,-24.54606,17,-0.28368,-0.16108,0.376
2,0.8883,-24.54606,18,-0.24308,-0.15272,0.36748
2,0.8883,-24.54606,19,-0.20261,-0.14439,0.34522
2,0.8883,-24.54606,20,-0.16228,-0.13609,0.30926
2,0.8883,-24.54606,21,-0.12211,-0.12782,0.25966
2,0.8883,-24.54606,22,-0.08211,-0.11959,0.19651
2,0.8883,-24.54606,23,-0.04229,-0.11139,0.11989
2,0.8883,-24.54606,24,0.00053,-0.11303,0.07186
2,0.8883,-24.54606,25,0.04341,-0.13094,0.0864
2,0.8883,-24.54606,26,0.08361,-0.14966,0.09786
2,0.8883,-24.54606,27,0.12367,-0.16831,0.09551
2,0.8883,-24.54606,28,0.16362,-0.18614,0.08303
2,0.8883,-24.54606,29,0.20351,-0.20126,0.06951
2,0.8883,-24.54606,30,0.24128,-0.21791,0.05326
2,0.8883,-24.54606,31,0.2707,-0.23316,0.05964
2,0.8883,-24.54606,32,0.29878,-0.24818,0.05729
2,0.8883,-24.54606,33,0.3252,-0.26192,0.05097
2,0.8883,-24.54606,34,0.34679,-0.27411,0.05207
2,0.8883,-24.54606,35,0.36578,-0.28516,0.05072
2,0.8883,-24.54606,36,0.38174,-0.29496,0.04867
2,0.8883,-24.54606,37,0.39426,-0.30326,0.04782
2,0.8883,-24.54606,38,0.40342,-0.30992,0.04848
2,0.8883,-24.54606,39,0.41019,-0.31478,0.04814
2,0.8883,-24.54606,40,0.41409,-0.3177,0.04854
2,0.8883,-24.54606,41,0.41543,-0.31852,0.04919
2,0.8883,-24.54606,42,0.41536,-0.3185,0.04961
2,0.8883,-24.54606,43,0.41531,-0.31848,0.04981
2,0.8883,-24.54606,44,0.4153,-0.3185,0.0499
2,0.8883,-24.54606,45,0.4153,-0.3185,0.04995
2,0.8883,-24.54606,46,0.4153,-0.31851,0.04997
2,0.8883,-24.54606,47,0.4153,-0.31851,0.04998
2,0.8883,-24.54606,48,0.4153,-0.31851,0.04998
2,0.8883,-24.54606,49,0.4153,-0.31851,0.04998
3,0.8883,-24.54606,1,0.3569,0.15646,0.43963
3,0.8883,-24.54606,2,0.29367,-0.01197,0.66405
3,0.8883,-24.54606,3,0.23125,-0.17828,0.87192
3,0.8883,-24.54606,4,0.16503,-0.30362,0.89994
3,0.8883,-24.54606,5,0.09798,-0.40515,0.81772
3,0.8883,-24.54606,6,0.03939,-0.398,0.69887
3,0.8883,-24.54606,7,-0.01778,-0.37747,0.56418
3,0.8883,-24.54606,8,-0.07452,-0.35709,0.41677
3,0.8883,-24.54606,9,-0.13081,-0.33687,0.25681
3,0.8883,-24.54606,10,-0.18662,-0.31683,0.08446
3,0.8883,-24.54606,11,-0.24469,-0.28299,0.12844
3,0.8883,-24.54606,12,-0.30249,-0.24969,0.20607
3,0.8883,-24.54606,13,-0.35999,-0.21656,0.26952
3,0.8883,-24.54606,14,-0.40628,-0.18632,0.31861
3,0.8883,-24.54606,15,-0.36527,-0.17788,0.35162
3,0.8883,-24.54606,16,-0.32441,-0.16947,0.37073
3,0.8883,-24.54606,17,-0.28368,-0.16108,0.376
3,0.8883,-24.54606,18,-0.24308,-0.15272,0.36748
3,0.8883,-24.54606,19,-0.20261,-0.14439,0.34522
3,0.8883,-24.54606,20,-0.16228,-0.13609,0.30926
3,0.8883,-24.54606,21,-0.12211,-0.12782,0.25966
3,0.8883,-24.54606,22,-0.08211,-0.11959,0.19651
3,0.8883,-24.54606,23,-0.04229,-0.11139,0.11989
3,0.8883,-24.54606,24,0.00053,-0.11303,0.07186
3,0.8883,-24.54606,25,0.04341,-0.13094,0.0864
3,0.8883,-24.54606,26,0.08361,-0.14966,0.09786
3,0.8883,-24.54606,27,0.12367,-0.16831,0.09551
3,0.8883,-24.54606,28,0.16362,-0.18614,0.08303
3,0.8883,-24.54606,29,0.20351,-0.20126,0.06951
3,0.8883,-24.54606,30,0.24128,-0.21791,0.05326
3,0.8883,-24.54606,31,0.2707,-0.23316,0.05964
3,0.8883,-24.54606,32,0.29878,-0.24818,0.05729
3,0.8883,-24.54606,33,0.3252,-0.26192,0.05097
3,0.8883,-24.54606,34,0.34679,-0.27411,0.05207
3,0.8883,-24.54606,35,0.36578,-0.28516,0.05072
3,0.8883,-24.54606,36,0.38174,-0.29496,0.04867
3,0.8883,-24.54606,37,0.39426,-0.30326,0.04782
3,0.8883,-24.54606,38,0.40342,-0.30992,0.04848
3,0.8883,-24.54606,39,0.41019,-0.31478,0.04814
3,0.8883,-24.54606,40,0.41409,-0.3177,0.04854
3,0.8883,-24.54606,41,0.41543,-0.31852,0.04919
3,0.8883,-24.54606,42,0.41536,-0.3185,0.04961
3,0.8883,-24.54606,43,0.41531,-0.31848,0.04981
3,0.8883,-24.54606,44,0.4153,-0.3185,0.0499
3,0.8883,-24.54606,45,0.4153,-0.3185,0.04995
3,0.8883,-24.54606,46,0.4153,-0.31851,0.04997
3,0.8883,-24.54606,47,0.4153,-0.31851,0.04998
3,0.8883,-24.54606,48,0.4153,-0.31851,0.04998
3,0.8883,-24.54606,49,0.4153,-0.31851,0.04998
4,0.8883,-24.54606,1,0.3569,0.15646,0.43963
4,0.8883,-24.54606,2,0.29367,-0.01197,0.66405
4,0.8883,-24.54606,3,0.23125,-0.17828,0.87192
4,0.8883,-24.54606,4,0.16503,-0.30362,0.89994
4,0.8883,-24.54606,5,0.09798,-0.40515,0.81772
4,0.8883,-24.54606,6,0.03939,-0.398,0.69887
4,0.8883,-24.54606,7,-0.01778,-0.37747,0.56418
4,0.8883,-24.54606,8,-0.07452,-0.35709,0.41677
4,0.8883,-24.54606,9,-0.13081,-0.33687,0.25681
4,0.8883,-24.54606,10,-0.18662,-0.31683,0.08446
4,0.8883,-24.54606,11,-0.24469,-0.28299,0.12844
4,0.8883,-24.54606,12,-0.30249,-0.24969,0.20607
4,0.8883,-24.54606,13,-0.35999,-0.21656,0.26952
4,0.8883,-24.54606,14,-0.40628,-0.18632,0.31861
4,0.8883,-24.54606,15,-0.36527,-0.17788,0.35162
4,0.8883,-24.54606,16,-0.32441,-0.16947,0.37073
4,0.8883,-24.54606,17,-0.28368,-0.16108,0.376
4,0.8883,-24.54606,18,-0.24308,-0.15272,0.36748
4,0.8883,-24.54606,19,-0.20261,-0.14439,0.34522
4,0.8883,-24.54606,20,-0.16228,-0.13609,0.30926
4,0.8883,-24.54606,21,-0.12211,-0.12782,0.25966
4,0.8883,-24.54606,22,-0.08211,-0.11959,0.19651
4,0.8883,-24.54606,23,-0.04229,-0.11139,0.11989
4,0.8883,-24.54606,24,0.00053,-0.11303,0.07186
4,0.8883,-24.54606,25,0.04341,-0.13094,0.0864
4,0.8883,-24.54606,26,0.08361,-0.14966,0.09786
4,0.8883,-24.54606,27,0.12367,-0.16831,0.09551
4,0.8883,-24.54606,28,0.16362,-0.18614,0.08303
4,0.8883,-24.54606,29,0.20351,-0.20126,0.06951
4,0.8883,-24.54606,30,0.24128,-0.21791,0.05326
4,0.8883,-24.54606,31,0.2707,-0.23316,0.05964
4,0.8883,-24.54606,32,0.29878,-0.24818,0.05729
4,0.8883,-24.54606,33,0.3252,-0.26192,0.05097
4,0.8883,-24.54606,34,0.34679,-0.27411,0.05207
4,0.8883,-24.54606,35,0.36578,-0.28516,0.05072
4,0.8883,-24.54606,36,0.38174,-0.29496,0.04867
4,0.8883,-24.54606,37,0.39426,-0.30326,0.04782
4,0.8883,-24.54606,38,0.40342,-0.30992,0.04848
4,0.8883,-24.54606,39,0.41019,-0.31478,0.04814
4,0.8883,-24.54606,40,0.41409,-0.3177,0.04854
4,0.8883,-24.54606,41,0.41543,-0.31852,0.04919
4,0.8883,-24.54606,42,0.41536,-0.3185,0.04961
4,0.8883,-24.54606,43,0.41531,-0.31848,0.04981
4,0.8883,-24.54606,44,0.4153,-0.3185,0.0499
4,0.8883,-24.54606,45,0.4153,-0.3185,0.04995
4,0.8883,-24.54606,46,0.4153,-0.31851,0.04997
4,0.8883,-24.54606,47,0.4153,-0.31851,0.04998
4,0.8883,-24.54606,48,0.4153,-0.31851,0.04998
4,0.8883,-24.54606,49,0.4153,-0.31851,0.04998
5,0.8883,-24.54606,1,0.3569,0.15646,0.43963
5,0.8883,-24.54606,2,0.29367,-0.01197,0.66405
5,0.8883,-24.54606,3,0.23125,-0.17828,0.87192
5,0.8883,-24.54606,4,0.16503,-0.30362,0.89994
5,0.8883,-24.54606,5,0.09798,-0.40515,0.81772
5,0.8883,-24.54606,6,0.03939,-0.398,0.69887
5,0.8883,-24.54606,7,-0.01778,-0.37747,0.56418
5,0.8883,-24.54606,8,-0.07452,-0.35709,0.41677
5,0.8883,-24.54606,9,-0.13081,-0.33687,0.25681
5,0.8883,-24.54606,10,-0.18662,-0.31683,0.08446
5,0.8883,-24.54606,11,-0.24469,-0.28299,0.12844
5,0.8883,-24.54606,12,-0.30249,-0.24969,0.20607
5,0.8883,-24.54606,13,-0.35999,-0.21656,0.26952
5,0.8883,-24.54606,14,-0.40628,-0.18632,0.31861
5,0.8883,-24.54606,15,-0.36527,-0.17788,0.35162
5,0.8883,-24.54606,16,-0.32441,-0.16947,0.37073
5,0.8883,-24.54606,17,-0.28368,-0.16108,0.376
5,0.8883,-24.54606,18,-0.24308,-0.15272,0.36748
5,0.8883,-24.54606,19,-0.20261,-0.14439,0.34522
5,0.8883,-24.54606,20,-0.16228,-0.13609,0.30926
5,0.8883,-24.54606,21,-0.12211,-0.12782,0.25966
5,0.8883,-24.54606,22,-0.08211,-0.11959,0.19651
5,0.8883,-24.54606,23,-0.04229,-0.11139,0.11989
5,0.8883,-24.54606,24,0.00053,-0.11303,0.07186
5,0.8883,-24.54606,25,0.04341,-0.13094,0.0864
5,0.8883,-24.54606,26,0.08361,-0.14966,0.09786
5,0.8883,-24.54606,27,0.12367,-0.16831,0.09551
5,0.8883,-24.54606,28,0.16362,-0.18614,0.08303
5,0.8883,-24.54606,29,0.20351,-0.20126,0.06951
5,0.8883,-24.54606,30,0.24128,-0.21791,0.05326
5,0.8883,-24.54606,31,0.2707,-0.23316,0.05964
5,0.8883,-24.54606,32,0.29878,-0.24818,0.05729
5,0.8883,-24.54606,33,0.3252,-0.26192,0.05097
5,0.8883,-24.54606,34,0.34679,-0.27411,0.05207
5,0.8883,-24.54606,35,0.36578,-0.28516,0.05072
5,0.8883,-24.54606,36,0.38174,-0.29496,0.04867
5,0.8883,-24.54606,37,0.39426,-0.30326,0.04782
5,0.8883,-24.54606,38,0.40342,-0.30992,0.04848
5,0.8883,-24.54606,39,0.41019,-0.31478,0.04814
5,0.8883,-24.54606,40,0.41409,-0.3177,0.04854
5,0.8883,-24.54606,41,0.41543,-0.31852,0.04919
5,0.8883,-24.54606,42,0.41536,-0.3185,0.04961
5,0.8883,-24.54606,43,0.41531,-0.31848,0.04981
5,0.8883,-24.54606,44,0.4153,-0.3185,0.0499
5,0.8883,-24.54606,45,0.4153,-0.3185,0.04995
5,0.8883,-24.54606,46,0.4153,-0.31851,0.04997
5,0.8883,-24.54606,47,0.4153,-0.31851,0.04998
5,0.8883,-24.54606,48,0.4153,-0.31851,0.04998
5,0.8883,-24.54606,49,0.4153,-0.31851,0.04998
6,0.8883,-24.54606,1,0.3569,0.15646,0.43963
6,0.8883,-24.54606,2,0.29367,-0.01197,0.66405
6,0.8883,-24.54606,3,0.23125,-0.17828,0.87192
6,0.8883,-24.54606,4,0.16503,-0.30362,0.89994
6,0.8883,-24.54606,5,0.09798,-0.40515,0.81772
6,0.8883,-24.54606,6,0.03939,-0.398,0.69887
6,0.8883,-24.54606,7,-0.01778,-0.37747,0.56418
6,0.8883,-24.54606,8,-0.07452,-0.35709,0.41677
6,0.8883,-24.54606,9,-0.13081,-0.33687,0.25681
6,0.8883,-24.54606,10,-0.18662,-0.31683,0.08446
6,0.8883,-24.54606,11,-0.24469,-0.28299,0.12844
6,0.8883,-24.54606,12,-0.30249,-0.24969,0.20607
6,0.8883,-24.54606,13,-0.35999,-0.21656,0.26952
6,0.8883,-24.54606,14,-0.40628,-0.18632,0.31861
6,0.8883,-24.54606,15,-0.36527,-0.17788,0.35162
6,0.8883,-24.54606,16,-0.32441,-0.16947,0.37073
6,0.8883,-24.54606,17,-0.28368,-0.16108,0.376
6,0.8883,-24.54606,18,-0.24308,-0.15272,0.36748
6,0.8883,-24.54606,19,-0.20261,-0.14439,0.34522
6,0.8883,-24.54606,20,-0.16228,-0.13609,0.30926
6,0.8883,-24.54606,21,-0.12211,-0.12782,0.25966
6,0.8883,-24.54606,22,-0.08211,-0.11959,0.19651
6,0.8883,-24.54606,23,-0.04229,-0.11139,0.11989
6,0.8883,-24.54606,24,0.00053,-0.11303,0.07186
6,0.8883,-24.54606,25,0.04341,-0.13094,0.0864
6,0.8883,-24.54606,26,0.08361,-0.14966,0.09786
6,0.8883,-24.54606,27,0.12367,-0.16831,0.09551
6,0.8883,-24.54606,28,0.16362,-0.18614,0.08303
6,0.8883,-24.54606,29,0.20351,-0.20126,0.06951
6,0.8883,-24.54606,30,0.24128,-0.21791,0.05326
6,0.8883,-24.54606,31,0.2707,-0.23316,0.05964
6,0.8883,-24.54606,32,0.29878,-0.24818,0.05729
6,0.8883,-24.54606,33,0.3252,-0.26192,0.05097
6,0.8883,-24.54606,34,0.34679,-0.27411,0.05207
6,0.8883,-24.54606,35,0.36578,-0.28516,0.05072
6,0.8883,-24.54606,36,0.38174,-0.29496,0.04867
6,0.8883,-24.54606,37,0.39426,-0.30326,0.04782
6,0.8883,-24.54606,38,0.40342,-0.30992,0.04848
6,0.8883,-24.54606,39,0.41019,-0.31478,0.04814
6,0.8883,-24.54606,40,0.41409,-0.3177,0.04854
6,0.8883,-24.54606,41,0.41543,-0.31852,0.04919
6,0.8883,-24.54606,42,0.41536,-0.3185,0.04961
6,0.8883,-24.54606,43,0.41531,-0.31848,0.04981
6,0.8883,-24.54606,44,0.4153,-0.3185,0.0499
6,0.8883,-24.54606,45,0.4153,-0.3185,0.04995
6,0.8883,-24.54606,46,0.4153,-0.31851,0.04997
6,0.8883,-24.54606,47,0.4153,-0.31851,0.04998
6,0.8883,-24.54606,48,0.4153,-0.31851,0.04998
6,0.8883,-24.54606,49,0.4153,-0.31851,0.04998
7,0.89027,-62.85217,1,0.35669,0.15644,0.43958
7,0.89027,-62.85217,2,0.29326,-0.012,0.66395
7,0.89027,-62.85217,3,0.23063,-0.17833,0.87176
7,0.89027,-62.85217,4,0.16423,-0.30369,0.89974
7,0.89027,-62.85217,5,0.09701,-0.40523,0.81752
7,0.89027,-62.85217,6,0.03767,-0.39863,0.69864
7,0.89027,-62.85217,7,-0.02032,-0.37869,0.56393
7,0.89027,-62.85217,8,-0.07787,-0.3589,0.41649
7,0.89027,-62.85217,9,-0.13496,-0.33928,0.2565
7,0.89027,-62.85217,10,-0.19156,-0.31982,0.08412
7,0.89027,-62.85217,11,-0.24759,-0.28557,0.12943
7,0.89027,-62.85217,12,-0.30266,-0.25144,0.2094
7,0.89027,-62.85217,13,-0.35744,-0.2175,0.27517
7,0.89027,-62.85217,14,-0.41194,-0.18373,0.32685
7,0.89027,-62.85217,15,-0.38082,-0.17043,0.35803
7,0.89027,-62.85217,16,-0.3498,-0.15717,0.37533
7,0.89027,-62.85217,17,-0.31887,-0.14395,0.3788
7,0.89027,-62.85217,18,-0.28803,-0.13077,0.36848
7,0.89027,-62.85217,19,-0.25728,-0.11762,0.34442
7,0.89027,-62.85217,20,-0.22663,-0.10452,0.30666
7,0.89027,-62.85217,21,-0.1961,-0.09147,0.25527
7,0.89027,-62.85217,22,-0.16569,-0.07847,0.19032
7,0.89027,-62.85217,23,-0.13543,-0.06554,0.11191
7,0.89027,-62.85217,24,-0.10017,-0.0649,0.07675
7,0.89027,-62.85217,25,-0.06357,-0.07766,0.09112
7,0.89027,-62.85217,26,-0.02709,-0.09038,0.09167
7,0.89027,-62.85217,27,0.00971,-0.10362,0.08437
7,0.89027,-62.85217,28,0.04797,-0.11876,0.08405
7,0.89027,-62.85217,29,0.08287,-0.1334,0.08306
7,0.89027,-62.85217,30,0.11445,-0.14799,0.08127
7,0.89027,-62.85217,31,0.14516,-0.16286,0.06915
7,0.89027,-62.85217,32,0.17573,-0.17171,0.06858
7,0.89027,-62.85217,33,0.20484,-0.18041,0.06056
7,0.89027,-62.85217,34,0.22949,-0.18971,0.0566
7,0.89027,-62.85217,35,0.25081,-0.19709,0.05698
7,0.89027,-62.85217,36,0.27038,-0.20366,0.05141
7,0.89027,-62.85217,37,0.28575,-0.20872,0.0509
7,0.89027,-62.85217,38,0.29844,-0.21284,0.04873
7,0.89027,-62.85217,39,0.30748,-0.21575,0.04872
7,0.89027,-62.85217,40,0.31341,-0.21768,0.04859
7,0.89027,-62.85217,41,0.31628,-0.21841,0.04877
7,0.89027,-62.85217,42,0.31658,-0.21836,0.04941
7,0.89027,-62.85217,43,0.3165,-0.21833,0.04971
7,0.89027,-62.85217,44,0.31646,-0.21832,0.04986
7,0.89027,-62.85217,45,0.31645,-0.21831,0.04993
7,0.89027,-62.85217,46,0.31644,-0.21831,0.04996
7,0.89027,-62.85217,47,0.31643,-0.21831,0.04997
7,0.89027,-62.85217,48,0.31643,-0.21831,0.04998
7,0.89027,-62.85217,49,0.31643,-0.21831,0.04998
8,0.8883,-24.54606,1,0.3569,0.15646,0.43963
8,0.8883,-24.54606,2,0.29367,-0.01197,0.66405
8,0.8883,-24.54606,3,0.23125,-0.17828,0.87192
8,0.8883,-24.54606,4,0.16503,-0.30362,0.89994
8,0.8883,-24.54606,5,0.09798,-0.40515,0.81772
8,0.8883,-24.54606,6,0.03939,-0.398,0.69887
8,0.8883,-24.54606,7,-0.01778,-0.37747,0.56418
8,0.8883,-24.54606,8,-0.07452,-0.35709,0.41677
8,0.8883,-24.54606,9,-0.13081,-0.33687,0.25681
8,0.8883,-24.54606,10,-0.18662,-0.31683,0.08446
8,0.8883,-24.54606,11,-0.24469,-0.28299,0.12844
8,0.8883,-24.54606,12,-0.30249,-0.24969,0.20607
8,0.8883,-24.54606,13,-0.35999,-0.21656,0.26952
8,0.8883,-24.54606,14,-0.40628,-0.18632,0.31861
8,0.8883,-24.54606,15,-0.36527,-0.17788,0.35162
8,0.8883,-24.54606,16,-0.32441,-0.16947,0.37073
8,0.8883,-24.54606,17,-0.28368,-0.16108,0.376
8,0.8883,-24.54606,18,-0.24308,-0.15272,0.36748
8,0.8883,-24.54606,19,-0.20261,-0.14439,0.34522
8,0.8883,-24.54606,20,-0.16228,-0.13609,0.30926
8,0.8883,-24.54606,21,-0.12211,-0.12782,0.25966
8,0.8883,-24.54606,22,-0.08211,-0.11959,0.19651
8,0.8883,-24.54606,23,-0.04229,-0.11139,0.11989
8,0.8883,-24.54606,24,0.00053,-0.11303,0.07186
8,0.8883,-24.54606,25,0.04341,-0.13094,0.0864
8,0.8883,-24.54606,26,0.08361,-0.14966,0.09786
8,0.8883,-24.54606,27,0.12367,-0.16831,0.09551
8,0.8883,-24.54606,28,0.16362,-0.18614,0.08303
8,0.8883,-24.54606,29,0.20351,-0.20126,0.06951
8,0.8883,-24.54606,30,0.24128,-0.21791,0.05326
8,0.8883,-24.54606,31,0.2707,-0.23316,0.05964
8,0.8883,-24.54606,32,0.29878,-0.24818,0.05729
8,0.8883,-24.54606,33,0.3252,-0.26192,0.05097
8,0.8883,-24.54606,34,0.34679,-0.27411,0.05207
8,0.8883,-24.54606,35,0.36578,-0.28516,0.05072
8,0.8883,-24.54606,36,0.38174,-0.29496,0.04867
8,0.8883,-24.54606,37,0.39426,-0.30326,0.04782
8,0.8883,-24.54606,38,0.40342,-0.30992,0.04848
8,0.8883,-24.54606,39,0.41019,-0.31478,0.04814
8,0.8883,-24.54606,40,0.41409,-0.3177,0.04854
8,0.8883,-24.54606,41,0.41543,-0.31852,0.04919
8,0.8883,-24.54606,42,0.41536,-0.3185,0.04961
8,0.8883,-24.54606,43,0.41531,-0.31848,0.04981
8,0.8883,-24.54606,44,0.4153,-0.3185,0.0499
8,0.8883,-24.54606,45,0.4153,-0.3185,0.04995
8,0.8883,-24.54606,46,0.4153,-0.31851,0.04997
8,0.8883,-24.54606,47,0.4153,-0.31851,0.04998
8,0.8883,-24.54606,48,0.4153,-0.31851,0.04998
8,0.8883,-24.54606,49,0.4153,-0.31851,0.04998
9,0.66939,-87.95151,1,0.38009,0.1583,0.44535
9,0.66939,-87.95151,2,0.33974,-0.00832,0.67542
9,0.66939,-87.95151,3,0.29991,-0.17284,0.88886
9,0.66939,-87.95151,4,0.26124,-0.30513,0.91382
9,0.66939,-87.95151,5,0.22624,-0.42391,0.85482
9,0.66939,-87.95151,6,0.20102,-0.41756,0.81153
9,0.66939,-87.95151,7,0.17798,-0.3887,0.75976
9,0.66939,-87.95151,8,0.15503,-0.35995,0.69444
9,0.66939,-87.95151,9,0.13219,-0.33134,0.61566
9,0.66939,-87.95151,10,0.10948,-0.30288,0.52352
9,0.66939,-87.95151,11,0.08689,-0.27458,0.41815
9,0.66939,-87.95151,12,0.06444,-0.24646,0.29967
9,0.66939,-87.95151,13,0.04213,-0.21852,0.16823
9,0.66939,-87.95151,14,0.02903,-0.20085,0.07809
9,0.66939,-87.95151,15,0.0344,-0.20377,0.08482
9,0.66939,-87.95151,16,0.04242,-0.20987,0.09439
9,0.66939,-87.95151,17,0.05043,-0.21597,0.09016
9,0.66939,-87.95151,18,0.05686,-0.22311,0.08477
9,0.66939,-87.95151,19,0.06018,-0.23232,0.0908
9,0.66939,-87.95151,20,0.06335,-0.24153,0.08495
9,0.66939,-87.95151,21,0.06452,-0.25171,0.08331
9,0.66939,-87.95151,22,0.06442,-0.2638,0.07973
9,0.66939,-87.95151,23,0.06363,-0.27802,0.07153
9,0.66939,-87.95151,24,0.0628,-0.29353,0.05492
9,0.66939,-87.95151,25,0.06456,-0.30559,0.05443
9,0.66939,-87.95151,26,0.06623,-0.31528,0.05387
9,0.66939,-87.95151,27,0.06739,-0.32367,0.04949
9,0.66939,-87.95151,28,0.06836,-0.32842,0.04959
9,0.66939,-87.95151,29,0.06861,-0.33059,0.04929
9,0.66939,-87.95151,30,0.06884,-0.33083,0.04966
9,0.66939,-87.95151,31,0.06889,-0.33071,0.04983
9,0.66939,-87.95151,32,0.06891,-0.33065,0.04991
9,0.66939,-87.95151,33,0.06892,-0.33063,0.04995
9,0.66939,-87.95151,34,0.06893,-0.33061,0.04997
9,0.66939,-87.95151,35,0.06893,-0.33061,0.04998
9,0.66939,-87.95151,36,0.06894,-0.3306,0.04998
9,0.66939,-87.95151,37,0.06894,-0.3306,0.04998
9,0.66939,-87.95151,38,0.06894,-0.3306,0.04998
9,0.66939,-87.95151,39,0.06894,-0.3306,0.04998
9,0.66939,-87.95151,40,0.06894,-0.3306,0.04998
9,0.66939,-87.95151,41,0.06894,-0.3306,0.04998
9,0.66939,-87.95151,42,0.06894,-0.3306,0.04998
9,0.66939,-87.95151,43,0.06894,-0.3306,0.04998
9,0.66939,-87.95151,44,0.06894,-0.3306,0.04998
9,0.66939,-87.95151,45,0.06894,-0.3306,0.04998
9,0.66939,-87.95151,46,0.06894,-0.3306,0.04998
9,0.66939,-87.95151,47,0.06894,-0.3306,0.04998
9,0.66939,-87.95151,48,0.06894,-0.3306,0.04998
9,0.66939,-87.95151,49,0.06894,-0.3306,0.04998
10,0.89128,-88.42145,1,0.35658,0.15643,0.43955
10,0.89128,-88.42145,2,0.29304,-0.01202,0.6639
10,0.89128,-88.42145,3,0.23031,-0.17835,0.87168
10,0.89128,-88.42145,4,0.16382,-0.30372,0.89964
10,0.89128,-88.42145,5,0.09651,-0.40528,0.81742
10,0.89128,-88.42145,6,0.03678,-0.39895,0.69852
10,0.89128,-88.42145,7,-0.02162,-0.37933,0.5638
10,0.89128,-88.42145,8,-0.07958,-0.35985,0.41635
10,0.89128,-88.42145,9,-0.13708,-0.34053,0.25635
10,0.89128,-88.42145,10,-0.19409,-0.32137,0.08396
10,0.89128,-88.42145,11,-0.24902,-0.28686,0.12984
10,0.89128,-88.42145,12,-0.30264,-0.25224,0.21087
10,0.89128,-88.42145,13,-0.35597,-0.2178,0.27769
10,0.89128,-88.42145,14,-0.40902,-0.18353,0.33041
10,0.89128,-88.42145,15,-0.38872,-0.16683,0.36356
10,0.89128,-88.42145,16,-0.35934,-0.15236,0.38214
10,0.89128,-88.42145,17,-0.33005,-0.13792,0.38688
10,0.89128,-88.42145,18,-0.30084,-0.12353,0.37783
10,0.89128,-88.42145,19,-0.27172,-0.10918,0.35503
10,0.89128,-88.42145,20,-0.2427,-0.09487,0.31853
10,0.89128,-88.42145,21,-0.21378,-0.08062,0.26839
10,0.89128,-88.42145,22,-0.18497,-0.06643,0.20468
10,0.89128,-88.42145,23,-0.1563,-0.0523,0.1275
10,0.89128,-88.42145,24,-0.12925,-0.04981,0.08361
10,0.89128,-88.42145,25,-0.10413,-0.06179,0.08438
10,0.89128,-88.42145,26,-0.0786,-0.07613,0.08111
10,0.89128,-88.42145,27,-0.05275,-0.0906,0.06674
10,0.89128,-88.42145,28,-0.02879,-0.1023,0.06964
10,0.89128,-88.42145,29,-0.00637,-0.11331,0.06526
10,0.89128,-88.42145,30,0.01504,-0.1232,0.05295
10,0.89128,-88.42145,31,0.03057,-0.13212,0.05521
10,0.89128,-88.42145,32,0.04351,-0.14074,0.05498
10,0.89128,-88.42145,33,0.05536,-0.14802,0.04899
10,0.89128,-88.42145,34,0.06348,-0.15344,0.04935
10,0.89128,-88.42145,35,0.06938,-0.15686,0.04884
10,0.89128,-88.42145,36,0.07237,-0.15851,0.04918
10,0.89128,-88.42145,37,0.07274,-0.1587,0.0496
10,0.89128,-88.42145,38,0.07269,-0.15875,0.0498
10,0.89128,-88.42145,39,0.07269,-0.15876,0.0499
10,0.89128,-88.42145,40,0.0727,-0.15877,0.04995
10,0.89128,-88.42145,41,0.0727,-0.15877,0.04997
10,0.89128,-88.42145,42,0.0727,-0.15877,0.04998
10,0.89128,-88.42145,43,0.0727,-0.15877,0.04998
10,0.89128,-88.42145,44,0.0727,-0.15876,0.04998
10,0.89128,-88.42145,45,0.0727,-0.15876,0.04998
10,0.89128,-88.42145,46,0.0727,-0.15876,0.04998
10,0.89128,-88.42145,47,0.0727,-0.15876,0.04998
10,0.89128,-88.42145,48,0.0727,-0.15876,0.04998
10,0.89128,-88.42145,49,0.0727,-0.15876,0.04998
11,0.8883,-24.54606,1,0.3569,0.15646,0.43963
11,0.8883,-24.54606,2,0.29367,-0.01197,0.66405
11,0.8883,-24.54606,3,0.23125,-0.17828,0.87192
11,0.8883,-24.54606,4,0.16503,-0.30362,0.89994
11,0.8883,-24.54606,5,0.09798,-0.40515,0.81772
11,0.8883,-24.54606,6,0.03939,-0.398,0.69887
11,0.8883,-24.54606,7,-0.01778,-0.37747,0.56418
11,0.8883,-24.54606,8,-0.07452,-0.35709,0.41677
11,0.8883,-24.54606,9,-0.13081,-0.33687,0.25681
11,0.8883,-24.54606,10,-0.18662,-0.31683,0.08446
11,0.8883,-24.54606,11,-0.24469,-0.28299,0.12844
11,0.8883,-24.54606,12,-0.30249,-0.24969,0.20607
11,0.8883,-24.54606,13,-0.35999,-0.21656,0.26952
11,0.8883,-24.54606,14,-0.40628,-0.18632,0.31861
11,0.8883,-24.54606,15,-0.36527,-0.17788,0.35162
11,0.8883,-24.54606,16,-0.32441,-0.16947,0.37073
11,0.8883,-24.54606,17,-0.28368,-0.16108,0.376
11,0.8883,-24.54606,18,-0.24308,-0.15272,0.36748
11,0.8883,-24.54606,19,-0.20261,-0.14439,0.34522
11,0.8883,-24.54606,20,-0.16228,-0.13609,0.30926
11,0.8883,-24.54606,21,-0.12211,-0.12782,0.25966
11,0.8883,-24.54606,22,-0.08211,-0.11959,0.19651
11,0.8883,-24.54606,23,-0.04229,-0.11139,0.11989
11,0.8883,-24.54606,24,0.00053,-0.11303,0.07186
11,0.8883,-24.54606,25,0.04341,-0.13094,0.0864
11,0.8883,-24.54606,26,0.08361,-0.14966,0.09786
11,0.8883,-24.54606,27,0.12367,-0.16831,0.09551
11,0.8883,-24.54606,28,0.16362,-0.18614,0.08303
11,0.8883,-24.54606,29,0.20351,-0.20126,0.06951
11,0.8883,-24.54606,30,0.24128,-0.21791,0.05326
11,0.8883,-24.54606,31,0.2707,-0.23316,0.05964
11,0.8883,-24.54606,32,0.29878,-0.24818,0.05729
11,0.8883,-24.54606,33,0.3252,-0.26192,0.05097
11,0.8883,-24.54606,34,0.34679,-0.27411,0.05207
11,0.8883,-24.54606,35,0.36578,-0.28516,0.05072
11,0.8883,-24.54606,36,0.38174,-0.29496,0.04867
11,0.8883,-24.54606,37,0.39426,-0.30326,0.04782
11,0.8883,-24.54606,38,0.40342,-0.30992,0.04848
11,0.8883,-24.54606,39,0.41019,-0.31478,0.04814
11,0.8883,-24.54606,40,0.41409,-0.3177,0.04854
11,0.8883,-24.54606,41,0.41543,-0.31852,0.04919
11,0.8883,-24.54606,42,0.41536,-0.3185,0.04961
11,0.8883,-24.54606,43,0.41531,-0.31848,0.04981
11,0.8883,-24.54606,44,0.4153,-0.3185,0.0499
11,0.8883,-24.54606,45,0.4153,-0.3185,0.04995
11,0.8883,-24.54606,46,0.4153,-0.31851,0.04997
11,0.8883,-24.54606,47,0.4153,-0.31851,0.04998
11,0.8883,-24.54606,48,0.4153,-0.31851,0.04998
11,0.8883,-24.54606,49,0.4153,-0.31851,0.04998
12,0.8883,-24.54606,1,0.3569,0.15646,0.43963
12,0.8883,-24.54606,2,0.29367,-0.01197,0.66405
12,0.8883,-24.54606,3,0.23125,-0.17828,0.87192
12,0.8883,-24.54606,4,0.16503,-0.30362,0.89994
12,0.8883,-24.54606,5,0.09798,-0.40515,0.81772
12,0.8883,-24.54606,6,0.03939,-0.398,0.69887
12,0.8883,-24.54606,7,-0.01778,-0.37747,0.56418
12,0.8883,-24.54606,8,-0.07452,-0.35709,0.41677
12,0.8883,-24.54606,9,-0.13081,-0.33687,0.25681
12,0.8883,-24.54606,10,-0.18662,-0.31683,0.08446
12,0.8883,-24.54606,11,-0.24469,-0.28299,0.12844
12,0.8883,-24.54606,12,-0.30249,-0.24969,0.20607
12,0.8883,-24.54606,13,-0.35999,-0.21656,0.26952
12,0.8883,-24.54606,14,-0.40628,-0.18632,0.31861
12,0.8883,-24.54606,15,-0.36527,-0.17788,0.35162
12,0.8883,-24.54606,16,-0.32441,-0.16947,0.37073
12,0.8883,-24.54606,17,-0.28368,-0.16108,0.376
12,0.8883,-24.54606,18,-0.24308,-0.15272,0.36748
12,0.8883,-24.54606,19,-0.20261,-0.14439,0.34522
12,0.8883,-24.54606,20,-0.16228,-0.13609,0.30926
12,0.8883,-24.54606,21,-0.12211,-0.12782,0.25966
12,0.8883,-24.54606,22,-0.08211,-0.11959,0.19651
12,0.8883,-24.54606,23,-0.04229,-0.11139,0.11989
12,0.8883,-24.54606,24,0.00053,-0.11303,0.07186
12,0.8883,-24.54606,25,0.04341,-0.13094,0.0864
12,0.8883,-24.54606,26,0.08361,-0.14966,0.09786
12,0.8883,-24.54606,27,0.12367,-0.16831,0.09551
12,0.8883,-24.54606,28,0.16362,-0.18614,0.08303
12,0.8883,-24.54606,29,0.20351,-0.20126,0.06951
12,0.8883,-24.54606,30,0.24128,-0.21791,0.05326
12,0.8883,-24.54606,31,0.2707,-0.23316,0.05964
12,0.8883,-24.54606,32,0.29878,-0.24818,0.05729
12,0.8883,-24.54606,33,0.3252,-0.26192,0.05097
12,0.8883,-24.54606,34,0.34679,-0.27411,0.05207
12,0.8883,-24.54606,35,0.36578,-0.28516,0.05072
12,0.8883,-24.54606,36,0.38174,-0.29496,0.04867
12,0.8883,-24.54606,37,0.39426,-0.30326,0.04782
12,0.8883,-24.54606,38,0.40342,-0.30992,0.04848
12,0.8883,-24.54606,39,0.41019,-0.31478,0.04814
12,0.8883,-24.54606,40,0.41409,-0.3177,0.04854
12,0.8883,-24.54606,41,0.41543,-0.31852,0.04919
12,0.8883,-24.54606,42,0.41536,-0.3185,0.04961
12,0.8883,-24.54606,43,0.41531,-0.31848,0.04981
12,0.8883,-24.54606,44,0.4153,-0.3185,0.0499
12,0.8883,-24.54606,45,0.4153,-0.3185,0.04995
12,0.8883,-24.54606,46,0.4153,-0.31851,0.04997
12,0.8883,-24.54606,47,0.4153,-0.31851,0.04998
12,0.8883,-24.54606,48,0.4153,-0.31851,0.04998
12,0.8883,-24.54606,49,0.4153,-0.31851,0.04998
13,0.8883,-24.54606,1,0.3569,0.15646,0.43963
13,0.8883,-24.54606,2,0.29367,-0.01197,0.66405
13,0.8883,-24.54606,3,0.23125,-0.17828,0.87192
13,0.8883,-24.54606,4,0.16503,-0.30362,0.89994
13,0.8883,-24.54606,5,0.09798,-0.40515,0.81772
13,0.8883,-24.54606,6,0.03939,-0.398,0.69887
13,0.8883,-24.54606,7,-0.01778,-0.37747,0.56418
13,0.8883,-24.54606,8,-0.07452,-0.35709,0.41677
13,0.8883,-24.54606,9,-0.13081,-0.33687,0.25681
13,0.8883,-24.54606,10,-0.18662,-0.31683,0.08446
13,0.8883,-24.54606,11,-0.24469,-0.28299,0.12844
13,0.8883,-24.54606,12,-0.30249,-0.24969,0.20607
13,0.8883,-24.54606,13,-0.35999,-0.21656,0.26952
13,0.8883,-24.54606,14,-0.40628,-0.18632,0.31861
13,0.8883,-24.54606,15,-0.36527,-0.17788,0.35162
13,0.8883,-24.54606,16,-0.32441,-0.16947,0.37073
13,0.8883,-24.54606,17,-0.28368,-0.16108,0.376
13,0.8883,-24.54606,18,-0.24308,-0.15272,0.36748
13,0.8883,-24.54606,19,-0.20261,-0.14439,0.34522
13,0.8883,-24.54606,20,-0.16228,-0.13609,0.30926
13,0.8883,-24.54606,21,-0.12211,-0.12782,0.25966
13,0.8883,-24.54606,22,-0.08211,-0.11959,0.19651
13,0.8883,-24.54606,23,-0.04229,-0.11139,0.11989
13,0.8883,-24.54606,24,0.00053,-0.11303,0.07186
13,0.8883,-24.54606,25,0.04341,-0.13094,0.0864
13,0.8883,-24.54606,26,0.08361,-0.14966,0.09786
13,0.8883,-24.54606,27,0.12367,-0.16831,0.09551
13,0.8883,-24.54606,28,0.16362,-0.18614,0.08303
13,0.8883,-24.54606,29,0.20351,-0.20126,0.06951
13,0.8883,-24.54606,30,0.24128,-0.21791,0.05326
13,0.8883,-24.54606,31,0.2707,-0.23316,0.05964
13,0.8883,-24.54606,32,0.29878,-0.24818,0.05729
13,0.8883,-24.54606,33,0.3252,-0.26192,0.05097
13,0.8883,-24.54606,34,0.34679,-0.27411,0.05207
13,0.8883,-24.54606,35,0.36578,-0.28516,0.05072
13,0.8883,-24.54606,36,0.38174,-0.29496,0.04867
13,0.8883,-24.54606,37,0.39426,-0.30326,0.04782
13,0.8883,-24.54606,38,0.40342,-0.30992,0.04848
13,0.8883,-24.54606,39,0.41019,-0.31478,0.04814
13,0.8883,-24.54606,40,0.41409,-0.3177,0.04854
13,0.8883,-24.54606,41,0.41543,-0.31852,0.04919
13,0.8883,-24.54606,42,0.41536,-0.3185,0.04961
13,0.8883,-24.54606,43,0.41531,-0.31848,0.04981
13,0.8883,-24.54606,44,0.4153,-0.3185,0.0499
13,0.8883,-24.54606,45,0.4153,-0.3185,0.04995
13,0.8883,-24.54606,46,0.4153,-0.31851,0.04997
13,0.8883,-24.54606,47,0.4153,-0.31851,0.04998
13,0.8883,-24.54606,48,0.4153,-0.31851,0.04998
13,0.8883,-24.54606,49,0.4153,-0.31851,0.04998
14,0.8883,-24.54606,1,0.3569,0.15646,0.43963
14,0.8883,-24.54606,2,0.29367,-0.01197,0.66405
14,0.8883,-24.54606,3,0.23125,-0.17828,0.87192
14,0.8883,-24.54606,4,0.16503,-0.30362,0.89994
14,0.8883,-24.54606,5,0.09798,-0.40515,0.81772
14,0.8883,-24.54606,6,0.03939,-0.398,0.69887
14,0.8883,-24.54606,7,-0.01778,-0.37747,0.56418
14,0.8883,-24.54606,8,-0.07452,-0.35709,0.41677
14,0.8883,-24.54606,9,-0.13081,-0.33687,0.25681
14,0.8883,-24.54606,10,-0.18662,-0.31683,0.08446
14,0.8883,-24.54606,11,-0.24469,-0.28299,0.12844
14,0.8883,-24.54606,12,-0.30249,-0.24969,0.20607
14,0.8883,-24.54606,13,-0.35999,-0.21656,0.26952
14,0.8883,-24.54606,14,-0.40628,-0.18632,0.31861
14,0.8883,-24.54606,15,-0.36527,-0.17788,0.35162
14,0.8883,-24.54606,16,-0.32441,-0.16947,0.37073
14,0.8883,-24.54606,17,-0.28368,-0.16108,0.376
14,0.8883,-24.54606,18,-0.24308,-0.15272,0.36748
14,0.8883,-24.54606,19,-0.20261,-0.14439,0.34522
14,0.8883,-24.54606,20,-0.16228,-0.13609,0.30926
14,0.8883,-24.54606,21,-0.12211,-0.12782,0.25966
14,0.8883,-24.54606,22,-0.08211,-0.11959,0.19651
14,0.8883,-24.54606,23,-0.04229,-0.11139,0.11989
14,0.8883,-24.54606,24,0.00053,-0.11303,0.07186
14,0.8883,-24.54606,25,0.04341,-0.13094,0.0864
14,0.8883,-24.54606,26,0.08361,-0.14966,0.09786
14,0.8883,-24.54606,27,0.12367,-0.16831,0.09551
14,0.8883,-24.54606,28,0.16362,-0.18614,0.08303
14,0.8883,-24.54606,29,0.20351,-0.20126,0.06951
14,0.8883,-24.54606,30,0.24128,-0.21791,0.05326
14,0.8883,-24.54606,31,0.2707,-0.23316,0.05964
14,0.8883,-24.54606,32,0.29878,-0.24818,0.05729
14,0.8883,-24.54606,33,0.3252,-0.26192,0.05097
14,0.8883,-24.54606,34,0.34679,-0.27411,0.05207
14,0.8883,-24.54606,35,0.36578,-0.28516,0.05072
14,0.8883,-24.54606,36,0.38174,-0.29496,0.04867
14,0.8883,-24.54606,37,0.39426,-0.30326,0.04782
14,0.8883,-24.54606,38,0.40342,-0.30992,0.04848
14,0.8883,-24.54606,39,0.41019,-0.31478,0.04814
14,0.8883,-24.54606,40,0.41409,-0.3177,0.04854
14,0.8883,-24.54606,41,0.41543,-0.31852,0.04919
14,0.8883,-24.54606,42,0.41536,-0.3185,0.04961
14,0.8883,-24.54606,43,0.41531,-0.31848,0.04981
14,0.8883,-24.54606,44,0.4153,-0.3185,0.0499
14,0.8883,-24.54606,45,0.4153,-0.3185,0.04995
14,0.8883,-24.54606,46,0.4153,-0.31851,0.04997
14,0.8883,-24.54606,47,0.4153,-0.31851,0.04998
14,0.8883,-24.54606,48,0.4153,-0.31851,0.04998
14,0.8883,-24.54606,49,0.4153,-0.31851,0.04998
15,0.8883,-24.54606,1,0.3569,0.15646,0.43963
15,0.8883,-24.54606,2,0.29367,-0.01197,0.66405
15,0.8883,-24.54606,3,0.23125,-0.17828,0.87192
15,0.8883,-24.54606,4,0.16503,-0.30362,0.89994
15,0.8883,-24.54606,5,0.09798,-0.40515,0.81772
15,0.8883,-24.54606,6,0.03939,-0.398,0.69887
15,0.8883,-24.54606,7,-0.01778,-0.37747,0.56418
15,0.8883,-24.54606,8,-0.07452,-0.35709,0.41677
15,0.8883,-24.54606,9,-0.13081,-0.33687,0.25681
15,0.8883,-24.54606,10,-0.18662,-0.31683,0.08446
15,0.8883,-24.54606,11,-0.24469,-0.28299,0.12844
15,0.8883,-24.54606,12,-0.30249,-0.24969,0.20607
15,0.8883,-24.54606,13,-0.35999,-0.21656,0.26952
15,0.8883,-24.54606,14,-0.40628,-0.18632,0.31861
15,0.8883,-24.54606,15,-0.36527,-0.17788,0.35162
15,0.8883,-24.54606,16,-0.32441,-0.16947,0.37073
15,0.8883,-24.54606,17,-0.28368,-0.16108,0.376
15,0.8883,-24.54606,18,-0.24308,-0.15272,0.36748
15,0.8883,-24.54606,19,-0.20261,-0.14439,0.34522
15,0.8883,-24.54606,20,-0.16228,-0.13609,0.30926
15,0.8883,-24.54606,21,-0.12211,-0.12782,0.25966
15,0.8883,-24.54606,22,-0.08211,-0.11959,0.19651
15,0.8883,-24.54606,23,-0.04229,-0.11139,0.11989
15,0.8883,-24.54606,24,0.00053,-0.11303,0.07186
15,0.8883,-24.54606,25,0.04341,-0.13094,0.0864
15,0.8883,-24.54606,26,0.08361,-0.14966,0.09786
15,0.8883,-24.54606,27,0.12367,-0.16831,0.09551
15,0.8883,-24.54606,28,0.16362,-0.18614,0.08303
15,0.8883,-24.54606,29,0.20351,-0.20126,0.06951
15,0.8883,-24.54606,30,0.24128,-0.21791,0.05326
15,0.8883,-24.54606,31,0.2707,-0.23316,0.05964
15,0.8883,-24.54606,32,0.29878,-0.24818,0.05729
15,0.8883,-24.54606,33,0.3252,-0.26192,0.05097
15,0.8883,-24.54606,34,0.34679,-0.27411,0.05207
15,0.8883,-24.54606,35,0.36578,-0.28516,0.05072
15,0.8883,-24.54606,36,0.38174,-0.29496,0.04867
15,0.8883,-24.54606,37,0.39426,-0.30326,0.04782
15,0.8883,-24.54606,38,0.40342,-0.30992,0.04848
15,0.8883,-24.54606,39,0.41019,-0.31478,0.04814
15,0.8883,-24.54606,40,0.41409,-0.3177,0.04854
15,0.8883,-24.54606,41,0.41543,-0.31852,0.04919
15,0.8883,-24.54606,42,0.41536,-0.3185,0.04961
15,0.8883,-24.54606,43,0.41531,-0.31848,0.04981
15,0.8883,-24.54606,44,0.4153,-0.3185,0.0499
15,0.8883,-24.54606,45,0.4153,-0.3185,0.04995
15,0.8883,-24.54606,46,0.4153,-0.31851,0.04997
15,0.8883,-24.54606,47,0.4153,-0.31851,0.04998
15,0.8883,-24.54606,48,0.4153,-0.31851,0.04998
15,0.8883,-24.54606,49,0.4153,-0.31851,0.04998
16,0.8883,-24.54606,1,0.3569,0.15646,0.43963
16,0.8883,-24.54606,2,0.29367,-0.01197,0.66405
16,0.8883,-24.54606,3,0.23125,-0.17828,0.87192
16,0.8883,-24.54606,4,0.16503,-0.30362,0.89994
16,0.8883,-24.54606,5,0.09798,-0.40515,0.81772
16,0.8883,-24.54606,6,0.03939,-0.398,0.69887
16,0.8883,-24.54606,7,-0.01778,-0.37747,0.56418
16,0.8883,-24.54606,8,-0.07452,-0.35709,0.41677
16,0.8883,-24.54606,9,-0.13081,-0.33687,0.25681
16,0.8883,-24.54606,10,-0.18662,-0.31683,0.08446
16,0.8883,-24.54606,11,-0.24469,-0.28299,0.12844
16,0.8883,-24.54606,12,-0.30249,-0.24969,0.20607
16,0.8883,-24.54606,13,-0.35999,-0.21656,0.26952
16,0.8883,-24.54606,14,-0.40628,-0.18632,0.31861
16,0.8883,-24.54606,15,-0.36527,-0.17788,0.35162
16,0.8883,-24.54606,16,-0.32441,-0.16947,0.37073
16,0.8883,-24.54606,17,-0.28368,-0.16108,0.376
16,0.8883,-24.54606,18,-0.24308,-0.15272,0.36748
16,0.8883,-24.54606,19,-0.20261,-0.14439,0.34522
16,0.8883,-24.54606,20,-0.16228,-0.13609,0.30926
16,0.8883,-24.54606,21,-0.12211,-0.12782,0.25966
16,0.8883,-24.54606,22,-0.08211,-0.11959,0.19651
16,0.8883,-24.54606,23,-0.04229,-0.11139,0.11989
16,0.8883,-24.54606,24,0.00053,-0.11303,0.07186
16,0.8883,-24.54606,25,0.04341,-0.13094,0.0864
16,0.8883,-24.54606,26,0.08361,-0.14966,0.09786
16,0.8883,-24.54606,27,0.12367,-0.16831,0.09551
16,0.8883,-24.54606,28,0.16362,-0.18614,0.08303
16,0.8883,-24.54606,29,0.20351,-0.20126,0.06951
16,0.8883,-24.54606,30,0.24128,-0.21791,0.05326
16,0.8883,-24.54606,31,0.2707,-0.23316,0.05964
16,0.8883,-24.54606,32,0.29878,-0.24818,0.05729
16,0.8883,-24.54606,33,0.3252,-0.26192,0.05097
16,0.8883,-24.54606,34,0.34679,-0.27411,0.05207
16,0.8883,-24.54606,35,0.36578,-0.28516,0.05072
16,0.8883,-24.54606,36,0.38174,-0.29496,0.04867
16,0.8883,-24.54606,37,0.39426,-0.30326,0.04782
16,0.8883,-24.54606,38,0.40342,-0.30992,0.04848
16,0.8883,-24.54606,39,0.41019,-0.31478,0.04814
16,0.8883,-24.54606,40,0.41409,-0.3177,0.04854
16,0.8883,-24.54606,41,0.41543,-0.31852,0.04919
16,0.8883,-24.54606,42,0.41536,-0.3185,0.04961
16,0.8883,-24.54606,43,0.41531,-0.31848,0.04981
16,0.8883,-24.54606,44,0.4153,-0.3185,0.0499
16,0.8883,-24.54606,45,0.4153,-0.3185,0.04995
16,0.8883,-24.54606,46,0.4153,-0.31851,0.04997
16,0.8883,-24.54606,47,0.4153,-0.31851,0.04998
16,0.8883,-24.54606,48,0.4153,-0.31851,0.04998
16,0.8883,-24.54606,49,0.4153,-0.31851,0.04998
17,0.88758,-238.26182,1,0.35697,0.15647,0.43965
17,0.88758,-238.26182,2,0.29382,-0.01196,0.66409
17,0.88758,-238.26182,3,0.23147,-0.17826,0.87197
17,0.88758,-238.26182,4,0.16532,-0.3036,0.90001
17,0.88758,-238.26182,5,0.09834,-0.40511,0.81779
17,0.88758,-238.26182,6,0.04002,-0.39778,0.69895
17,0.88758,-238.26182,7,-0.01685,-0.37703,0.56428
17,0.88758,-238.26182,8,-0.0733,-0.35643,0.41688
17,0.88758,-238.26182,9,-0.12929,-0.33601,0.25693
17,0.88758,-238.26182,10,-0.18481,-0.31575,0.08459
17,0.88758,-238.26182,11,-0.2436,-0.28202,0.12801
17,0.88758,-238.26182,12,-0.30236,-0.24897,0.2047
17,0.88758,-238.26182,13,-0.3608,-0.2161,0.2672
17,0.88758,-238.26182,14,-0.40797,-0.18582,0.31604
17,0.88758,-238.26182,15,-0.36728,-0.17512,0.3542
17,0.88758,-238.26182,16,-0.32674,-0.16446,0.37844
17,0.88758,-238.26182,17,-0.28634,-0.15383,0.38883
17,0.88758,-238.26182,18,-0.24606,-0.14324,0.38541
17,0.88758,-238.26182,19,-0.20592,-0.13268,0.36822
17,0.88758,-238.26182,20,-0.16591,-0.12216,0.33732
17,0.88758,-238.26182,21,-0.12605,-0.11167,0.29276
17,0.88758,-238.26182,22,-0.08635,-0.10123,0.23462
17,0.88758,-238.26182,23,-0.04684,-0.09084,0.16297
17,0.88758,-238.26182,24,-0.00752,-0.0805,0.07792
17,0.88758,-238.26182,25,0.01028,-0.06215,0.07071
17,0.88758,-238.26182,26,0.02331,-0.03874,0.07786
17,0.88758,-238.26182,27,0.03629,-0.01539,0.07121
17,0.88758,-238.26182,28,0.04294,0.00534,0.07801
17,0.88758,-238.26182,29,0.04937,0.02517,0.07458
17,0.88758,-238.26182,30,0.0558,0.04213,0.0693
17,0.88758,-238.26182,31,0.05951,0.05558,0.07054
17,0.88758,-238.26182,32,0.06185,0.06661,0.07031
17,0.88758,-238.26182,33,0.06203,0.07523,0.07064
17,0.88758,-238.26182,34,0.06111,0.08372,0.06997
17,0.88758,-238.26182,35,0.06012,0.09349,0.06783
17,0.88758,-238.26182,36,0.05892,0.10543,0.06304
17,0.88758,-238.26182,37,0.0575,0.11938,0.05274
17,0.88758,-238.26182,38,0.05298,0.1297,0.05478
17,0.88758,-238.26182,39,0.04807,0.13768,0.05442
17,0.88758,-238.26182,40,0.04478,0.14469,0.04919
17,0.88758,-238.26182,41,0.04386,0.14997,0.05118
17,0.88758,-238.26182,42,0.04385,0.15325,0.04969
17,0.88758,-238.26182,43,0.04412,0.15411,0.04977
17,0.88758,-238.26182,44,0.04415,0.154,0.04988
17,0.88758,-238.26182,45,0.04416,0.15395,0.04994
17,0.88758,-238.26182,46,0.04416,0.15392,0.04996
17,0.88758,-238.26182,47,0.04416,0.15391,0.04997
17,0.88758,-238.26182,48,0.04417,0.1539,0.04998
17,0.88758,-238.26182,49,0.04417,0.1539,0.04998
18,0.8883,-24.54606,1,0.3569,0.15646,0.43963
18,0.8883,-24.54606,2,0.29367,-0.01197,0.66405
18,0.8883,-24.54606,3,0.23125,-0.17828,0.87192
18,0.8883,-24.54606,4,0.16503,-0.30362,0.89994
18,0.8883,-24.54606,5,0.09798,-0.40515,0.81772
18,0.8883,-24.54606,6,0.03939,-0.398,0.69887
18,0.8883,-24.54606,7,-0.01778,-0.37747,0.56418
18,0.8883,-24.54606,8,-0.07452,-0.35709,0.41677
18,0.8883,-24.54606,9,-0.13081,-0.33687,0.25681
18,0.8883,-24.54606,10,-0.18662,-0.31683,0.08446
18,0.8883,-24.54606,11,-0.24469,-0.28299,0.12844
18,0.8883,-24.54606,12,-0.30249,-0.24969,0.20607
18,0.8883,-24.54606,13,-0.35999,-0.21656,0.26952
18,0.8883,-24.54606,14,-0.40628,-0.18632,0.31861
18,0.8883,-24.54606,15,-0.36527,-0.17788,0.35162
18,0.8883,-24.54606,16,-0.32441,-0.16947,0.37073
18,0.8883,-24.54606,17,-0.28368,-0.16108,0.376
18,0.8883,-24.54606,18,-0.24308,-0.15272,0.36748
18,0.8883,-24.54606,19,-0.20261,-0.14439,0.34522
18,0.8883,-24.54606,20,-0.16228,-0.13609,0.30926
18,0.8883,-24.54606,21,-0.12211,-0.12782,0.25966
18,0.8883,-24.54606,22,-0.08211,-0.11959,0.19651
18,0.8883,-24.54606,23,-0.04229,-0.11139,0.11989
18,0.8883,-24.54606,24,0.00053,-0.11303,0.07186
18,0.8883,-24.54606,25,0.04341,-0.13094,0.0864
18,0.8883,-24.54606,26,0.08361,-0.14966,0.09786
18,0.8883,-24.54606,27,0.12367,-0.16831,0.09551
18,0.8883,-24.54606,28,0.16362,-0.18614,0.08303
18,0.8883,-24.54606,29,0.20351,-0.20126,0.06951
18,0.8883,-24.54606,30,0.24128,-0.21791,0.05326
18,0.8883,-24.54606,31,0.2707,-0.23316,0.05964
18,0.8883,-24.54606,32,0.29878,-0.24818,0.05729
18,0.8883,-24.54606,33,0.3252,-0.26192,0.05097
18,0.8883,-24.54606,34,0.34679,-0.27411,0.05207
18,0.8883,-24.54606,35,0.36578,-0.28516,0.05072
18,0.8883,-24.54606,36,0.38174,-0.29496,0.04867
18,0.8883,-24.54606,37,0.39426,-0.30326,0.04782
18,0.8883,-24.54606,38,0.40342,-0.30992,0.04848
18,0.8883,-24.54606,39,0.41019,-0.31478,0.04814
18,0.8883,-24.54606,40,0.41409,-0.3177,0.04854
18,0.8883,-24.54606,41,0.41543,-0.31852,0.04919
18,0.8883,-24.54606,42,0.41536,-0.3185,0.04961
18,0.8883,-24.54606,43,0.41531,-0.31848,0.04981
18,0.8883,-24.54606,44,0.4153,-0.3185,0.0499
18,0.8883,-24.54606,45,0.4153,-0.3185,0.04995
18,0.8883,-24.54606,46,0.4153,-0.31851,0.04997
18,0.8883,-24.54606,47,0.4153,-0.31851,0.04998
18,0.8883,-24.54606,48,0.4153,-0.31851,0.04998
18,0.8883,-24.54606,49,0.4153,-0.31851,0.04998
19,0.8883,-24.54606,1,0.3569,0.15646,0.43963
19,0.8883,-24.54606,2,0.29367,-0.01197,0.66405
19,0.8883,-24.54606,3,0.23125,-0.17828,0.87192
19,0.8883,-24.54606,4,0.16503,-0.30362,0.89994
19,0.8883,-24.54606,5,0.09798,-0.40515,0.81772
19,0.8883,-24.54606,6,0.03939,-0.398,0.69887
19,0.8883,-24.54606,7,-0.01778,-0.37747,0.56418
19,0.8883,-24.54606,8,-0.07452,-0.35709,0.41677
19,0.8883,-24.54606,9,-0.13081,-0.33687,0.25681
19,0.8883,-24.54606,10,-0.18662,-0.31683,0.08446
19,0.8883,-24.54606,11,-0.24469,-0.28299,0.12844
19,0.8883,-24.54606,12,-0.30249,-0.24969,0.20607
19,0.8883,-24.54606,13,-0.35999,-0.21656,0.26952
19,0.8883,-24.54606,14,-0.40628,-0.18632,0.31861
19,0.8883,-24.54606,15,-0.36527,-0.17788,0.35162
19,0.8883,-24.54606,16,-0.32441,-0.16947,0.37073
19,0.8883,-24.54606,17,-0.28368,-0.16108,0.376
19,0.8883,-24.54606,18,-0.24308,-0.15272,0.36748
19,0.8883,-24.54606,19,-0.20261,-0.14439,0.34522
19,0.8883,-24.54606,20,-0.16228,-0.13609,0.30926
19,0.8883,-24.54606,21,-0.12211,-0.12782,0.25966
19,0.8883,-24.54606,22,-0.08211,-0.11959,0.19651
19,0.8883,-24.54606,23,-0.04229,-0.11139,0.11989
19,0.8883,-24.54606,24,0.00053,-0.11303,0.07186
19,0.8883,-24.54606,25,0.04341,-0.13094,0.0864
19,0.8883,-24.54606,26,0.08361,-0.14966,0.09786
19,0.8883,-24.54606,27,0.12367,-0.16831,0.09551
19,0.8883,-24.54606,28,0.16362,-0.18614,0.08303
19,0.8883,-24.54606,29,0.20351,-0.20126,0.06951
19,0.8883,-24.54606,30,0.24128,-0.21791,0.05326
19,0.8883,-24.54606,31,0.2707,-0.23316,0.05964
19,0.8883,-24.54606,32,0.29878,-0.24818,0.05729
19,0.8883,-24.54606,33,0.3252,-0.26192,0.05097
19,0.8883,-24.54606,34,0.34679,-0.27411,0.05207
19,0.8883,-24.54606,35,0.36578,-0.28516,0.05072
19,0.8883,-24.54606,36,0.38174,-0.29496,0.04867
19,0.8883,-24.54606,37,0.39426,-0.30326,0.04782
19,0.8883,-24.54606,38,0.40342,-0.30992,0.04848
19,0.8883,-24.54606,39,0.41019,-0.31478,0.04814
19,0.8883,-24.54606,40,0.41409,-0.3177,0.04854
19,0.8883,-24.54606,41,0.41543,-0.31852,0.04919
19,0.8883,-24.54606,42,0.41536,-0.3185,0.04961
19,0.8883,-24.54606,43,0.41531,-0.31848,0.04981
19,0.8883,-24.54606,44,0.4153,-0.3185,0.0499
19,0.8883,-24.54606,45,0.4153,-0.3185,0.04995
19,0.8883,-24.54606,46,0.4153,-0.31851,0.04997
19,0.8883,-24.54606,47,0.4153,-0.31851,0.04998
19,0.8883,-24.54606,48,0.4153,-0.31851,0.04998
19,0.8883,-24.54606,49,0.4153,-0.31851,0.04998
20,0.8883,-24.54606,1,0.3569,0.15646,0.43963
20,0.8883,-24.54606,2,0.29367,-0.01197,0.66405
20,0.8883,-24.54606,3,0.23125,-0.17828,0.87192
20,0.8883,-24.54606,4,0.16503,-0.30362,0.89994
20,0.8883,-24.54606,5,0.09798,-0.40515,0.81772
20,0.8883,-24.54606,6,0.03939,-0.398,0.69887
20,0.8883,-24.54606,7,-0.01778,-0.37747,0.56418
20,0.8883,-24.54606,8,-0.07452,-0.35709,0.41677
20,0.8883,-24.54606,9,-0.13081,-0.33687,0.25681
20,0.8883,-24.54606,10,-0.18662,-0.31683,0.08446
20,0.8883,-24.54606,11,-0.24469,-0.28299,0.12844
20,0.8883,-24.54606,12,-0.30249,-0.24969,0.20607
20,0.8883,-24.54606,13,-0.35999,-0.21656,0.26952
20,0.8883,-24.54606,14,-0.40628,-0.18632,0.31861
20,0.8883,-24.54606,15,-0.36527,-0.17788,0.35162
20,0.8883,-24.54606,16,-0.32441,-0.16947,0.37073
20,0.8883,-24.54606,17,-0.28368,-0.16108,0.376
20,0.8883,-24.54606,18,-0.24308,-0.15272,0.36748
20,0.8883,-24.54606,19,-0.20261,-0.14439,0.34522
20,0.8883,-24.54606,20,-0.16228,-0.13609,0.30926
20,0.8883,-24.54606,21,-0.12211,-0.12782,0.25966
20,0.8883,-24.54606,22,-0.08211,-0.11959,0.19651
20,0.8883,-24.54606,23,-0.04229,-0.11139,0.11989
20,0.8883,-24.54606,24,0.00053,-0.11303,0.07186
20,0.8883,-24.54606,25,0.04341,-0.13094,0.0864
20,0.8883,-24.54606,26,0.08361,-0.14966,0.09786
20,0.8883,-24.54606,27,0.12367,-0.16831,0.09551
20,0.8883,-24.54606,28,0.16362,-0.18614,0.08303
20,0.8883,-24.54606,29,0.20351,-0.20126,0.06951
20,0.8883,-24.54606,30,0.24128,-0.21791,0.05326
20,0.8883,-24.54606,31,0.2707,-0.23316,0.05964
20,0.8883,-24.54606,32,0.29878,-0.24818,0.05729
20,0.8883,-24.54606,33,0.3252,-0.26192,0.05097
20,0.8883,-24.54606,34,0.34679,-0.27411,0.05207
20,0.8883,-24.54606,35,0.36578,-0.28516,0.05072
20,0.8883,-24.54606,36,0.38174,-0.29496,0.04867
20,0.8883,-24.54606,37,0.39426,-0.30326,0.04782
20,0.8883,-24.54606,38,0.40342,-0.30992,0.04848
20,0.8883,-24.54606,39,0.41019,-0.31478,0.04814
20,0.8883,-24.54606,40,0.41409,-0.3177,0.04854
20,0.8883,-24.54606,41,0.41543,-0.31852,0.04919
20,0.8883,-24.54606,42,0.41536,-0.3185,0.04961
20,0.8883,-24.54606,43,0.41531,-0.31848,0.04981
20,0.8883,-24.54606,44,0.4153,-0.3185,0.0499
20,0.8883,-24.54606,45,0.4153,-0.3185,0.04995
20,0.8883,-24.54606,46,0.4153,-0.31851,0.04997
20,0.8883,-24.54606,47,0.4153,-0.31851,0.04998
20,0.8883,-24.54606,48,0.4153,-0.31851,0.04998
20,0.8883,-24.54606,49,0.4153,-0.31851,0.04998
